0	-1	1	1	0.01537402	0	1	0	0	0
0	1	1	1	0.01537402	0	1	0	0	0
0	-1	1	2	0.014453366	0	1	0.429196002192	0	0
0	1	1	2	0.014453366	0	1	0.429196002192	0	0
0	-3	1	1	0.014444948	0	3	0.433244952192	0	0
0	-1	1	3	0.014444948	0	3	0.433244952192	0	0
0	1	1	3	0.014444948	0	3	0.433244952192	0	0
0	3	1	1	0.014444948	0	3	0.433244952192	0	0
0	-3	1	2	0.012766721	0	3	1.291632529728	0	0
0	-1	1	4	0.012766721	0	3	1.291632529728	0	0
0	1	1	4	0.012766721	0	3	1.291632529728	0	0
0	3	1	2	0.012766721	0	3	1.291632529728	0	0
0	-5	1	1	0.012754332	0	5	1.298380779728	0	0
0	-3	1	3	0.012754332	0	5	1.298380779728	0	0
0	-1	1	5	0.012754332	0	5	1.298380779728	0	0
0	1	1	5	0.012754332	0	5	1.298380779728	0	0
0	3	1	3	0.012754332	0	5	1.298380779728	0	0
0	5	1	1	0.012754332	0	5	1.298380779728	0	0
0	-5	1	2	0.010597502	0	5	2.585951078912	0	0
0	-3	1	4	0.010597502	0	5	2.585951078912	0	0
0	-1	1	6	0.010597502	0	5	2.585951078912	0	0
0	1	1	6	0.010597502	0	5	2.585951078912	0	0
0	3	1	4	0.010597502	0	5	2.585951078912	0	0
0	5	1	2	0.010597502	0	5	2.585951078912	0	0
0	-7	1	1	0.010583106	0	7	2.595398628912	0	0
0	-5	1	3	0.010583106	0	7	2.595398628912	0	0
0	-3	1	5	0.010583106	0	7	2.595398628912	0	0
0	-1	1	7	0.010583106	0	7	2.595398628912	0	0
0	1	1	7	0.010583106	0	7	2.595398628912	0	0
0	3	1	5	0.010583106	0	7	2.595398628912	0	0
0	5	1	3	0.010583106	0	7	2.595398628912	0	0
0	7	1	1	0.010583106	0	7	2.595398628912	0	0
0	-7	1	2	0.00826689	0	7	4.3121383692	0	0
0	-5	1	4	0.00826689	0	7	4.3121383692	0	0
0	-3	1	6	0.00826689	0	7	4.3121383692	0	0
0	-1	1	8	0.00826689	0	7	4.3121383692	0	0
0	1	1	8	0.00826689	0	7	4.3121383692	0	0
0	3	1	6	0.00826689	0	7	4.3121383692	0	0
0	5	1	4	0.00826689	0	7	4.3121383692	0	0
0	7	1	2	0.00826689	0	7	4.3121383692	0	0
0	-9	1	1	0.008252455	0	9	4.3242852192	0	0
0	-7	1	3	0.008252455	0	9	4.3242852192	0	0
0	-5	1	5	0.008252455	0	9	4.3242852192	0	0
0	-3	1	7	0.008252455	0	9	4.3242852192	0	0
0	-1	1	9	0.008252455	0	9	4.3242852192	0	0
0	1	1	9	0.008252455	0	9	4.3242852192	0	0
0	3	1	7	0.008252455	0	9	4.3242852192	0	0
0	5	1	5	0.008252455	0	9	4.3242852192	0	0
0	7	1	3	0.008252455	0	9	4.3242852192	0	0
0	9	1	1	0.008252455	0	9	4.3242852192	0	0
0	-9	1	2	0.006060333	0	9	6.4701766932	0	0
0	-7	1	4	0.006060333	0	9	6.4701766932	0	0
0	-5	1	6	0.006060333	0	9	6.4701766932	0	0
0	-3	1	8	0.006060333	0	9	6.4701766932	0	0
0	-1	1	10	0.006060333	0	9	6.4701766932	0	0
0	1	1	10	0.006060333	0	9	6.4701766932	0	0
0	3	1	8	0.006060333	0	9	6.4701766932	0	0
0	5	1	6	0.006060333	0	9	6.4701766932	0	0
0	7	1	4	0.006060333	0	9	6.4701766932	0	0
0	9	1	2	0.006060333	0	9	6.4701766932	0	0
0	-11	1	1	0.006047401	0	11	6.4850228432	0	0
0	-9	1	3	0.006047401	0	11	6.4850228432	0	0
0	-7	1	5	0.006047401	0	11	6.4850228432	0	0
0	-5	1	7	0.006047401	0	11	6.4850228432	0	0
0	-3	1	9	0.006047401	0	11	6.4850228432	0	0
0	-1	1	11	0.006047401	0	11	6.4850228432	0	0
0	1	1	11	0.006047401	0	11	6.4850228432	0	0
0	3	1	9	0.006047401	0	11	6.4850228432	0	0
0	5	1	7	0.006047401	0	11	6.4850228432	0	0
0	7	1	5	0.006047401	0	11	6.4850228432	0	0
0	9	1	3	0.006047401	0	11	6.4850228432	0	0
0	11	1	1	0.006047401	0	11	6.4850228432	0	0
0	-11	1	2	0.004175109	0	11	9.060043916672	0	0
0	-9	1	4	0.004175109	0	11	9.060043916672	0	0
0	-7	1	6	0.004175109	0	11	9.060043916672	0	0
0	-5	1	8	0.004175109	0	11	9.060043916672	0	0
0	-3	1	10	0.004175109	0	11	9.060043916672	0	0
0	-1	1	12	0.004175109	0	11	9.060043916672	0	0
0	1	1	12	0.004175109	0	11	9.060043916672	0	0
0	3	1	10	0.004175109	0	11	9.060043916672	0	0
0	5	1	8	0.004175109	0	11	9.060043916672	0	0
0	7	1	6	0.004175109	0	11	9.060043916672	0	0
0	9	1	4	0.004175109	0	11	9.060043916672	0	0
0	11	1	2	0.004175109	0	11	9.060043916672	0	0
0	-13	1	1	0.004164583	0	13	9.077589366672	0	0
0	-11	1	3	0.004164583	0	13	9.077589366672	0	0
0	-9	1	5	0.004164583	0	13	9.077589366672	0	0
0	-7	1	7	0.004164583	0	13	9.077589366672	0	0
0	-5	1	9	0.004164583	0	13	9.077589366672	0	0
0	-3	1	11	0.004164583	0	13	9.077589366672	0	0
0	-1	1	13	0.004164583	0	13	9.077589366672	0	0
0	1	1	13	0.004164583	0	13	9.077589366672	0	0
0	3	1	11	0.004164583	0	13	9.077589366672	0	0
0	5	1	9	0.004164583	0	13	9.077589366672	0	0
0	7	1	7	0.004164583	0	13	9.077589366672	0	0
0	9	1	5	0.004164583	0	13	9.077589366672	0	0
0	11	1	3	0.004164583	0	13	9.077589366672	0	0
0	13	1	1	0.004164583	0	13	9.077589366672	0	0
0	-13	1	2	0.002703074	0	13	12.081713478528	0	0
0	-11	1	4	0.002703074	0	13	12.081713478528	0	0
0	-9	1	6	0.002703074	0	13	12.081713478528	0	0
0	-7	1	8	0.002703074	0	13	12.081713478528	0	0
0	-5	1	10	0.002703074	0	13	12.081713478528	0	0
0	-3	1	12	0.002703074	0	13	12.081713478528	0	0
0	-1	1	14	0.002703074	0	13	12.081713478528	0	0
0	1	1	14	0.002703074	0	13	12.081713478528	0	0
0	3	1	12	0.002703074	0	13	12.081713478528	0	0
0	5	1	10	0.002703074	0	13	12.081713478528	0	0
0	7	1	8	0.002703074	0	13	12.081713478528	0	0
0	9	1	6	0.002703074	0	13	12.081713478528	0	0
0	11	1	4	0.002703074	0	13	12.081713478528	0	0
0	13	1	2	0.002703074	0	13	12.081713478528	0	0
0	-15	1	1	0.002695212	0	15	12.101958228528	0	0
0	-13	1	3	0.002695212	0	15	12.101958228528	0	0
0	-11	1	5	0.002695212	0	15	12.101958228528	0	0
0	-9	1	7	0.002695212	0	15	12.101958228528	0	0
0	-7	1	9	0.002695212	0	15	12.101958228528	0	0
0	-5	1	11	0.002695212	0	15	12.101958228528	0	0
0	-3	1	13	0.002695212	0	15	12.101958228528	0	0
0	-1	1	15	0.002695212	0	15	12.101958228528	0	0
0	1	1	15	0.002695212	0	15	12.101958228528	0	0
0	3	1	13	0.002695212	0	15	12.101958228528	0	0
0	5	1	11	0.002695212	0	15	12.101958228528	0	0
0	7	1	9	0.002695212	0	15	12.101958228528	0	0
0	9	1	7	0.002695212	0	15	12.101958228528	0	0
0	11	1	5	0.002695212	0	15	12.101958228528	0	0
0	13	1	3	0.002695212	0	15	12.101958228528	0	0
0	15	1	1	0.002695212	0	15	12.101958228528	0	0
0	-15	1	2	0.001644631	0	15	15.535154390832	0	0
0	-13	1	4	0.001644631	0	15	15.535154390832	0	0
0	-11	1	6	0.001644631	0	15	15.535154390832	0	0
0	-9	1	8	0.001644631	0	15	15.535154390832	0	0
0	-7	1	10	0.001644631	0	15	15.535154390832	0	0
0	-5	1	12	0.001644631	0	15	15.535154390832	0	0
0	-3	1	14	0.001644631	0	15	15.535154390832	0	0
0	-1	1	16	0.001644631	0	15	15.535154390832	0	0
0	1	1	16	0.001644631	0	15	15.535154390832	0	0
0	3	1	14	0.001644631	0	15	15.535154390832	0	0
0	5	1	12	0.001644631	0	15	15.535154390832	0	0
0	7	1	10	0.001644631	0	15	15.535154390832	0	0
0	9	1	8	0.001644631	0	15	15.535154390832	0	0
0	11	1	6	0.001644631	0	15	15.535154390832	0	0
0	13	1	4	0.001644631	0	15	15.535154390832	0	0
0	15	1	2	0.001644631	0	15	15.535154390832	0	0
0	-17	1	1	0.001639211	0	17	15.558098440832	0	0
0	-15	1	3	0.001639211	0	17	15.558098440832	0	0
0	-13	1	5	0.001639211	0	17	15.558098440832	0	0
0	-11	1	7	0.001639211	0	17	15.558098440832	0	0
0	-9	1	9	0.001639211	0	17	15.558098440832	0	0
0	-7	1	11	0.001639211	0	17	15.558098440832	0	0
0	-5	1	13	0.001639211	0	17	15.558098440832	0	0
0	-3	1	15	0.001639211	0	17	15.558098440832	0	0
0	-1	1	17	0.001639211	0	17	15.558098440832	0	0
0	1	1	17	0.001639211	0	17	15.558098440832	0	0
0	3	1	15	0.001639211	0	17	15.558098440832	0	0
0	5	1	13	0.001639211	0	17	15.558098440832	0	0
0	7	1	11	0.001639211	0	17	15.558098440832	0	0
0	9	1	9	0.001639211	0	17	15.558098440832	0	0
0	11	1	7	0.001639211	0	17	15.558098440832	0	0
0	13	1	5	0.001639211	0	17	15.558098440832	0	0
0	15	1	3	0.001639211	0	17	15.558098440832	0	0
0	17	1	1	0.001639211	0	17	15.558098440832	0	0
0	-17	1	2	9.40377E-4	0	17	19.4203312388	0	0
0	-15	1	4	9.40377E-4	0	17	19.4203312388	0	0
0	-13	1	6	9.40377E-4	0	17	19.4203312388	0	0
0	-11	1	8	9.40377E-4	0	17	19.4203312388	0	0
0	-9	1	10	9.40377E-4	0	17	19.4203312388	0	0
0	-7	1	12	9.40377E-4	0	17	19.4203312388	0	0
0	-5	1	14	9.40377E-4	0	17	19.4203312388	0	0
0	-3	1	16	9.40377E-4	0	17	19.4203312388	0	0
0	-1	1	18	9.40377E-4	0	17	19.4203312388	0	0
0	1	1	18	9.40377E-4	0	17	19.4203312388	0	0
0	3	1	16	9.40377E-4	0	17	19.4203312388	0	0
0	5	1	14	9.40377E-4	0	17	19.4203312388	0	0
0	7	1	12	9.40377E-4	0	17	19.4203312388	0	0
0	9	1	10	9.40377E-4	0	17	19.4203312388	0	0
0	11	1	8	9.40377E-4	0	17	19.4203312388	0	0
0	13	1	6	9.40377E-4	0	17	19.4203312388	0	0
0	15	1	4	9.40377E-4	0	17	19.4203312388	0	0
0	17	1	2	9.40377E-4	0	17	19.4203312388	0	0
0	-19	1	1	9.36914E-4	0	19	19.4459745888	0	0
0	-17	1	3	9.36914E-4	0	19	19.4459745888	0	0
0	-15	1	5	9.36914E-4	0	19	19.4459745888	0	0
0	-13	1	7	9.36914E-4	0	19	19.4459745888	0	0
0	-11	1	9	9.36914E-4	0	19	19.4459745888	0	0
0	-9	1	11	9.36914E-4	0	19	19.4459745888	0	0
0	-7	1	13	9.36914E-4	0	19	19.4459745888	0	0
0	-5	1	15	9.36914E-4	0	19	19.4459745888	0	0
0	-3	1	17	9.36914E-4	0	19	19.4459745888	0	0
0	-1	1	19	9.36914E-4	0	19	19.4459745888	0	0
0	1	1	19	9.36914E-4	0	19	19.4459745888	0	0
0	3	1	17	9.36914E-4	0	19	19.4459745888	0	0
0	5	1	15	9.36914E-4	0	19	19.4459745888	0	0
0	7	1	13	9.36914E-4	0	19	19.4459745888	0	0
0	9	1	11	9.36914E-4	0	19	19.4459745888	0	0
0	11	1	9	9.36914E-4	0	19	19.4459745888	0	0
0	13	1	7	9.36914E-4	0	19	19.4459745888	0	0
0	15	1	5	9.36914E-4	0	19	19.4459745888	0	0
0	17	1	3	9.36914E-4	0	19	19.4459745888	0	0
0	19	1	1	9.36914E-4	0	19	19.4459745888	0	0
0	-19	1	2	5.05314E-4	0	19	23.7372041808	0	0
0	-17	1	4	5.05314E-4	0	19	23.7372041808	0	0
0	-15	1	6	5.05314E-4	0	19	23.7372041808	0	0
0	-13	1	8	5.05314E-4	0	19	23.7372041808	0	0
0	-11	1	10	5.05314E-4	0	19	23.7372041808	0	0
0	-9	1	12	5.05314E-4	0	19	23.7372041808	0	0
0	-7	1	14	5.05314E-4	0	19	23.7372041808	0	0
0	-5	1	16	5.05314E-4	0	19	23.7372041808	0	0
0	-3	1	18	5.05314E-4	0	19	23.7372041808	0	0
0	-1	1	20	5.05314E-4	0	19	23.7372041808	0	0
0	1	1	20	5.05314E-4	0	19	23.7372041808	0	0
0	3	1	18	5.05314E-4	0	19	23.7372041808	0	0
0	5	1	16	5.05314E-4	0	19	23.7372041808	0	0
0	7	1	14	5.05314E-4	0	19	23.7372041808	0	0
0	9	1	12	5.05314E-4	0	19	23.7372041808	0	0
0	11	1	10	5.05314E-4	0	19	23.7372041808	0	0
0	13	1	8	5.05314E-4	0	19	23.7372041808	0	0
0	15	1	6	5.05314E-4	0	19	23.7372041808	0	0
0	17	1	4	5.05314E-4	0	19	23.7372041808	0	0
0	19	1	2	5.05314E-4	0	19	23.7372041808	0	0
0	-21	1	1	5.03257E-4	0	21	23.7655468308	0	0
0	-19	1	3	5.03257E-4	0	21	23.7655468308	0	0
0	-17	1	5	5.03257E-4	0	21	23.7655468308	0	0
0	-15	1	7	5.03257E-4	0	21	23.7655468308	0	0
0	-13	1	9	5.03257E-4	0	21	23.7655468308	0	0
0	-11	1	11	5.03257E-4	0	21	23.7655468308	0	0
0	-9	1	13	5.03257E-4	0	21	23.7655468308	0	0
0	-7	1	15	5.03257E-4	0	21	23.7655468308	0	0
0	-5	1	17	5.03257E-4	0	21	23.7655468308	0	0
0	-3	1	19	5.03257E-4	0	21	23.7655468308	0	0
0	-1	1	21	5.03257E-4	0	21	23.7655468308	0	0
0	1	1	21	5.03257E-4	0	21	23.7655468308	0	0
0	3	1	19	5.03257E-4	0	21	23.7655468308	0	0
0	5	1	17	5.03257E-4	0	21	23.7655468308	0	0
0	7	1	15	5.03257E-4	0	21	23.7655468308	0	0
0	9	1	13	5.03257E-4	0	21	23.7655468308	0	0
0	11	1	11	5.03257E-4	0	21	23.7655468308	0	0
0	13	1	9	5.03257E-4	0	21	23.7655468308	0	0
0	15	1	7	5.03257E-4	0	21	23.7655468308	0	0
0	17	1	5	5.03257E-4	0	21	23.7655468308	0	0
0	19	1	3	5.03257E-4	0	21	23.7655468308	0	0
0	21	1	1	5.03257E-4	0	21	23.7655468308	0	0
0	-21	1	2	2.55181E-4	0	21	28.485728948352	0	0
0	-19	1	4	2.55181E-4	0	21	28.485728948352	0	0
0	-17	1	6	2.55181E-4	0	21	28.485728948352	0	0
0	-15	1	8	2.55181E-4	0	21	28.485728948352	0	0
0	-13	1	10	2.55181E-4	0	21	28.485728948352	0	0
0	-11	1	12	2.55181E-4	0	21	28.485728948352	0	0
0	-9	1	14	2.55181E-4	0	21	28.485728948352	0	0
0	-7	1	16	2.55181E-4	0	21	28.485728948352	0	0
0	-5	1	18	2.55181E-4	0	21	28.485728948352	0	0
0	-3	1	20	2.55181E-4	0	21	28.485728948352	0	0
0	-1	1	22	2.55181E-4	0	21	28.485728948352	0	0
0	1	1	22	2.55181E-4	0	21	28.485728948352	0	0
0	3	1	20	2.55181E-4	0	21	28.485728948352	0	0
0	5	1	18	2.55181E-4	0	21	28.485728948352	0	0
0	7	1	16	2.55181E-4	0	21	28.485728948352	0	0
0	9	1	14	2.55181E-4	0	21	28.485728948352	0	0
0	11	1	12	2.55181E-4	0	21	28.485728948352	0	0
0	13	1	10	2.55181E-4	0	21	28.485728948352	0	0
0	15	1	8	2.55181E-4	0	21	28.485728948352	0	0
0	17	1	6	2.55181E-4	0	21	28.485728948352	0	0
0	19	1	4	2.55181E-4	0	21	28.485728948352	0	0
0	21	1	2	2.55181E-4	0	21	28.485728948352	0	0
0	-23	1	1	2.54044E-4	0	23	28.516770898352	0	0
0	-21	1	3	2.54044E-4	0	23	28.516770898352	0	0
0	-19	1	5	2.54044E-4	0	23	28.516770898352	0	0
0	-17	1	7	2.54044E-4	0	23	28.516770898352	0	0
0	-15	1	9	2.54044E-4	0	23	28.516770898352	0	0
0	-13	1	11	2.54044E-4	0	23	28.516770898352	0	0
0	-11	1	13	2.54044E-4	0	23	28.516770898352	0	0
0	-9	1	15	2.54044E-4	0	23	28.516770898352	0	0
0	-7	1	17	2.54044E-4	0	23	28.516770898352	0	0
0	-5	1	19	2.54044E-4	0	23	28.516770898352	0	0
0	-3	1	21	2.54044E-4	0	23	28.516770898352	0	0
0	-1	1	23	2.54044E-4	0	23	28.516770898352	0	0
0	1	1	23	2.54044E-4	0	23	28.516770898352	0	0
0	3	1	21	2.54044E-4	0	23	28.516770898352	0	0
0	5	1	19	2.54044E-4	0	23	28.516770898352	0	0
0	7	1	17	2.54044E-4	0	23	28.516770898352	0	0
0	9	1	15	2.54044E-4	0	23	28.516770898352	0	0
0	11	1	13	2.54044E-4	0	23	28.516770898352	0	0
0	13	1	11	2.54044E-4	0	23	28.516770898352	0	0
0	15	1	9	2.54044E-4	0	23	28.516770898352	0	0
0	17	1	7	2.54044E-4	0	23	28.516770898352	0	0
0	19	1	5	2.54044E-4	0	23	28.516770898352	0	0
0	21	1	3	2.54044E-4	0	23	28.516770898352	0	0
0	23	1	1	2.54044E-4	0	23	28.516770898352	0	0
0	-23	1	2	1.21106E-4	0	23	33.665856846128	0	0
0	-21	1	4	1.21106E-4	0	23	33.665856846128	0	0
0	-19	1	6	1.21106E-4	0	23	33.665856846128	0	0
0	-17	1	8	1.21106E-4	0	23	33.665856846128	0	0
0	-15	1	10	1.21106E-4	0	23	33.665856846128	0	0
0	-13	1	12	1.21106E-4	0	23	33.665856846128	0	0
0	-11	1	14	1.21106E-4	0	23	33.665856846128	0	0
0	-9	1	16	1.21106E-4	0	23	33.665856846128	0	0
0	-7	1	18	1.21106E-4	0	23	33.665856846128	0	0
0	-5	1	20	1.21106E-4	0	23	33.665856846128	0	0
0	-3	1	22	1.21106E-4	0	23	33.665856846128	0	0
0	-1	1	24	1.21106E-4	0	23	33.665856846128	0	0
0	1	1	24	1.21106E-4	0	23	33.665856846128	0	0
0	3	1	22	1.21106E-4	0	23	33.665856846128	0	0
0	5	1	20	1.21106E-4	0	23	33.665856846128	0	0
0	7	1	18	1.21106E-4	0	23	33.665856846128	0	0
0	9	1	16	1.21106E-4	0	23	33.665856846128	0	0
0	11	1	14	1.21106E-4	0	23	33.665856846128	0	0
0	13	1	12	1.21106E-4	0	23	33.665856846128	0	0
0	15	1	10	1.21106E-4	0	23	33.665856846128	0	0
0	17	1	8	1.21106E-4	0	23	33.665856846128	0	0
0	19	1	6	1.21106E-4	0	23	33.665856846128	0	0
0	21	1	4	1.21106E-4	0	23	33.665856846128	0	0
0	23	1	2	1.21106E-4	0	23	33.665856846128	0	0
0	-25	1	1	1.2052E-4	0	25	33.699598096128	0	0
0	-23	1	3	1.2052E-4	0	25	33.699598096128	0	0
0	-21	1	5	1.2052E-4	0	25	33.699598096128	0	0
0	-19	1	7	1.2052E-4	0	25	33.699598096128	0	0
0	-17	1	9	1.2052E-4	0	25	33.699598096128	0	0
0	-15	1	11	1.2052E-4	0	25	33.699598096128	0	0
0	-13	1	13	1.2052E-4	0	25	33.699598096128	0	0
0	-11	1	15	1.2052E-4	0	25	33.699598096128	0	0
0	-9	1	17	1.2052E-4	0	25	33.699598096128	0	0
0	-7	1	19	1.2052E-4	0	25	33.699598096128	0	0
0	-5	1	21	1.2052E-4	0	25	33.699598096128	0	0
0	-3	1	23	1.2052E-4	0	25	33.699598096128	0	0
0	-1	1	25	1.2052E-4	0	25	33.699598096128	0	0
0	1	1	25	1.2052E-4	0	25	33.699598096128	0	0
0	3	1	23	1.2052E-4	0	25	33.699598096128	0	0
0	5	1	21	1.2052E-4	0	25	33.699598096128	0	0
0	7	1	19	1.2052E-4	0	25	33.699598096128	0	0
0	9	1	17	1.2052E-4	0	25	33.699598096128	0	0
0	11	1	15	1.2052E-4	0	25	33.699598096128	0	0
0	13	1	13	1.2052E-4	0	25	33.699598096128	0	0
0	15	1	11	1.2052E-4	0	25	33.699598096128	0	0
0	17	1	9	1.2052E-4	0	25	33.699598096128	0	0
0	19	1	7	1.2052E-4	0	25	33.699598096128	0	0
0	21	1	5	1.2052E-4	0	25	33.699598096128	0	0
0	23	1	3	1.2052E-4	0	25	33.699598096128	0	0
0	25	1	1	1.2052E-4	0	25	33.699598096128	0	0
0	-25	1	2	5.40155E-5	0	25	39.277534751952	0	0
0	-23	1	4	5.40155E-5	0	25	39.277534751952	0	0
0	-21	1	6	5.40155E-5	0	25	39.277534751952	0	0
0	-19	1	8	5.40155E-5	0	25	39.277534751952	0	0
0	-17	1	10	5.40155E-5	0	25	39.277534751952	0	0
0	-15	1	12	5.40155E-5	0	25	39.277534751952	0	0
0	-13	1	14	5.40155E-5	0	25	39.277534751952	0	0
0	-11	1	16	5.40155E-5	0	25	39.277534751952	0	0
0	-9	1	18	5.40155E-5	0	25	39.277534751952	0	0
0	-7	1	20	5.40155E-5	0	25	39.277534751952	0	0
0	-5	1	22	5.40155E-5	0	25	39.277534751952	0	0
0	-3	1	24	5.40155E-5	0	25	39.277534751952	0	0
0	-1	1	26	5.40155E-5	0	25	39.277534751952	0	0
0	1	1	26	5.40155E-5	0	25	39.277534751952	0	0
0	3	1	24	5.40155E-5	0	25	39.277534751952	0	0
0	5	1	22	5.40155E-5	0	25	39.277534751952	0	0
0	7	1	20	5.40155E-5	0	25	39.277534751952	0	0
0	9	1	18	5.40155E-5	0	25	39.277534751952	0	0
0	11	1	16	5.40155E-5	0	25	39.277534751952	0	0
0	13	1	14	5.40155E-5	0	25	39.277534751952	0	0
0	15	1	12	5.40155E-5	0	25	39.277534751952	0	0
0	17	1	10	5.40155E-5	0	25	39.277534751952	0	0
0	19	1	8	5.40155E-5	0	25	39.277534751952	0	0
0	21	1	6	5.40155E-5	0	25	39.277534751952	0	0
0	23	1	4	5.40155E-5	0	25	39.277534751952	0	0
0	25	1	2	5.40155E-5	0	25	39.277534751952	0	0
0	-27	1	1	5.37331E-5	0	27	39.313975301952	0	0
0	-25	1	3	5.37331E-5	0	27	39.313975301952	0	0
0	-23	1	5	5.37331E-5	0	27	39.313975301952	0	0
0	-21	1	7	5.37331E-5	0	27	39.313975301952	0	0
0	-19	1	9	5.37331E-5	0	27	39.313975301952	0	0
0	-17	1	11	5.37331E-5	0	27	39.313975301952	0	0
0	-15	1	13	5.37331E-5	0	27	39.313975301952	0	0
0	-13	1	15	5.37331E-5	0	27	39.313975301952	0	0
0	-11	1	17	5.37331E-5	0	27	39.313975301952	0	0
0	-9	1	19	5.37331E-5	0	27	39.313975301952	0	0
0	-7	1	21	5.37331E-5	0	27	39.313975301952	0	0
0	-5	1	23	5.37331E-5	0	27	39.313975301952	0	0
0	-3	1	25	5.37331E-5	0	27	39.313975301952	0	0
0	-1	1	27	5.37331E-5	0	27	39.313975301952	0	0
0	1	1	27	5.37331E-5	0	27	39.313975301952	0	0
0	3	1	25	5.37331E-5	0	27	39.313975301952	0	0
0	5	1	23	5.37331E-5	0	27	39.313975301952	0	0
0	7	1	21	5.37331E-5	0	27	39.313975301952	0	0
0	9	1	19	5.37331E-5	0	27	39.313975301952	0	0
0	11	1	17	5.37331E-5	0	27	39.313975301952	0	0
0	13	1	15	5.37331E-5	0	27	39.313975301952	0	0
0	15	1	13	5.37331E-5	0	27	39.313975301952	0	0
0	17	1	11	5.37331E-5	0	27	39.313975301952	0	0
0	19	1	9	5.37331E-5	0	27	39.313975301952	0	0
0	21	1	7	5.37331E-5	0	27	39.313975301952	0	0
0	23	1	5	5.37331E-5	0	27	39.313975301952	0	0
0	25	1	3	5.37331E-5	0	27	39.313975301952	0	0
0	27	1	1	5.37331E-5	0	27	39.313975301952	0	0
0	-27	1	2	2.26417E-5	0	27	45.3207051168	0	0
0	-25	1	4	2.26417E-5	0	27	45.3207051168	0	0
0	-23	1	6	2.26417E-5	0	27	45.3207051168	0	0
0	-21	1	8	2.26417E-5	0	27	45.3207051168	0	0
0	-19	1	10	2.26417E-5	0	27	45.3207051168	0	0
0	-17	1	12	2.26417E-5	0	27	45.3207051168	0	0
0	-15	1	14	2.26417E-5	0	27	45.3207051168	0	0
0	-13	1	16	2.26417E-5	0	27	45.3207051168	0	0
0	-11	1	18	2.26417E-5	0	27	45.3207051168	0	0
0	-9	1	20	2.26417E-5	0	27	45.3207051168	0	0
0	-7	1	22	2.26417E-5	0	27	45.3207051168	0	0
0	-5	1	24	2.26417E-5	0	27	45.3207051168	0	0
0	-3	1	26	2.26417E-5	0	27	45.3207051168	0	0
0	-1	1	28	2.26417E-5	0	27	45.3207051168	0	0
0	1	1	28	2.26417E-5	0	27	45.3207051168	0	0
0	3	1	26	2.26417E-5	0	27	45.3207051168	0	0
0	5	1	24	2.26417E-5	0	27	45.3207051168	0	0
0	7	1	22	2.26417E-5	0	27	45.3207051168	0	0
0	9	1	20	2.26417E-5	0	27	45.3207051168	0	0
0	11	1	18	2.26417E-5	0	27	45.3207051168	0	0
0	13	1	16	2.26417E-5	0	27	45.3207051168	0	0
0	15	1	14	2.26417E-5	0	27	45.3207051168	0	0
0	17	1	12	2.26417E-5	0	27	45.3207051168	0	0
0	19	1	10	2.26417E-5	0	27	45.3207051168	0	0
0	21	1	8	2.26417E-5	0	27	45.3207051168	0	0
0	23	1	6	2.26417E-5	0	27	45.3207051168	0	0
0	25	1	4	2.26417E-5	0	27	45.3207051168	0	0
0	27	1	2	2.26417E-5	0	27	45.3207051168	0	0
0	-29	1	1	2.25146E-5	0	29	45.3598449668	0	0
0	-27	1	3	2.25146E-5	0	29	45.3598449668	0	0
0	-25	1	5	2.25146E-5	0	29	45.3598449668	0	0
0	-23	1	7	2.25146E-5	0	29	45.3598449668	0	0
0	-21	1	9	2.25146E-5	0	29	45.3598449668	0	0
0	-19	1	11	2.25146E-5	0	29	45.3598449668	0	0
0	-17	1	13	2.25146E-5	0	29	45.3598449668	0	0
0	-15	1	15	2.25146E-5	0	29	45.3598449668	0	0
0	-13	1	17	2.25146E-5	0	29	45.3598449668	0	0
0	-11	1	19	2.25146E-5	0	29	45.3598449668	0	0
0	-9	1	21	2.25146E-5	0	29	45.3598449668	0	0
0	-7	1	23	2.25146E-5	0	29	45.3598449668	0	0
0	-5	1	25	2.25146E-5	0	29	45.3598449668	0	0
0	-3	1	27	2.25146E-5	0	29	45.3598449668	0	0
0	-1	1	29	2.25146E-5	0	29	45.3598449668	0	0
0	1	1	29	2.25146E-5	0	29	45.3598449668	0	0
0	3	1	27	2.25146E-5	0	29	45.3598449668	0	0
0	5	1	25	2.25146E-5	0	29	45.3598449668	0	0
0	7	1	23	2.25146E-5	0	29	45.3598449668	0	0
0	9	1	21	2.25146E-5	0	29	45.3598449668	0	0
0	11	1	19	2.25146E-5	0	29	45.3598449668	0	0
0	13	1	17	2.25146E-5	0	29	45.3598449668	0	0
0	15	1	15	2.25146E-5	0	29	45.3598449668	0	0
0	17	1	13	2.25146E-5	0	29	45.3598449668	0	0
0	19	1	11	2.25146E-5	0	29	45.3598449668	0	0
0	21	1	9	2.25146E-5	0	29	45.3598449668	0	0
0	23	1	7	2.25146E-5	0	29	45.3598449668	0	0
0	25	1	5	2.25146E-5	0	29	45.3598449668	0	0
0	27	1	3	2.25146E-5	0	29	45.3598449668	0	0
0	29	1	1	2.25146E-5	0	29	45.3598449668	0	0
0	-29	1	2	8.91953E-6	0	29	51.7953059648	0	0
0	-27	1	4	8.91953E-6	0	29	51.7953059648	0	0
0	-25	1	6	8.91953E-6	0	29	51.7953059648	0	0
0	-23	1	8	8.91953E-6	0	29	51.7953059648	0	0
0	-21	1	10	8.91953E-6	0	29	51.7953059648	0	0
0	-19	1	12	8.91953E-6	0	29	51.7953059648	0	0
0	-17	1	14	8.91953E-6	0	29	51.7953059648	0	0
0	-15	1	16	8.91953E-6	0	29	51.7953059648	0	0
0	-13	1	18	8.91953E-6	0	29	51.7953059648	0	0
0	-11	1	20	8.91953E-6	0	29	51.7953059648	0	0
0	-9	1	22	8.91953E-6	0	29	51.7953059648	0	0
0	-7	1	24	8.91953E-6	0	29	51.7953059648	0	0
0	-5	1	26	8.91953E-6	0	29	51.7953059648	0	0
0	-3	1	28	8.91953E-6	0	29	51.7953059648	0	0
0	-1	1	30	8.91953E-6	0	29	51.7953059648	0	0
0	1	1	30	8.91953E-6	0	29	51.7953059648	0	0
0	3	1	28	8.91953E-6	0	29	51.7953059648	0	0
0	5	1	26	8.91953E-6	0	29	51.7953059648	0	0
0	7	1	24	8.91953E-6	0	29	51.7953059648	0	0
0	9	1	22	8.91953E-6	0	29	51.7953059648	0	0
0	11	1	20	8.91953E-6	0	29	51.7953059648	0	0
0	13	1	18	8.91953E-6	0	29	51.7953059648	0	0
0	15	1	16	8.91953E-6	0	29	51.7953059648	0	0
0	17	1	14	8.91953E-6	0	29	51.7953059648	0	0
0	19	1	12	8.91953E-6	0	29	51.7953059648	0	0
0	21	1	10	8.91953E-6	0	29	51.7953059648	0	0
0	23	1	8	8.91953E-6	0	29	51.7953059648	0	0
0	25	1	6	8.91953E-6	0	29	51.7953059648	0	0
0	27	1	4	8.91953E-6	0	29	51.7953059648	0	0
0	29	1	2	8.91953E-6	0	29	51.7953059648	0	0
0	-31	1	1	8.866E-6	0	31	51.8371451148	0	0
0	-29	1	3	8.866E-6	0	31	51.8371451148	0	0
0	-27	1	5	8.866E-6	0	31	51.8371451148	0	0
0	-25	1	7	8.866E-6	0	31	51.8371451148	0	0
0	-23	1	9	8.866E-6	0	31	51.8371451148	0	0
0	-21	1	11	8.866E-6	0	31	51.8371451148	0	0
0	-19	1	13	8.866E-6	0	31	51.8371451148	0	0
0	-17	1	15	8.866E-6	0	31	51.8371451148	0	0
0	-15	1	17	8.866E-6	0	31	51.8371451148	0	0
0	-13	1	19	8.866E-6	0	31	51.8371451148	0	0
0	-11	1	21	8.866E-6	0	31	51.8371451148	0	0
0	-9	1	23	8.866E-6	0	31	51.8371451148	0	0
0	-7	1	25	8.866E-6	0	31	51.8371451148	0	0
0	-5	1	27	8.866E-6	0	31	51.8371451148	0	0
0	-3	1	29	8.866E-6	0	31	51.8371451148	0	0
0	-1	1	31	8.866E-6	0	31	51.8371451148	0	0
0	1	1	31	8.866E-6	0	31	51.8371451148	0	0
0	3	1	29	8.866E-6	0	31	51.8371451148	0	0
0	5	1	27	8.866E-6	0	31	51.8371451148	0	0
0	7	1	25	8.866E-6	0	31	51.8371451148	0	0
0	9	1	23	8.866E-6	0	31	51.8371451148	0	0
0	11	1	21	8.866E-6	0	31	51.8371451148	0	0
0	13	1	19	8.866E-6	0	31	51.8371451148	0	0
0	15	1	17	8.866E-6	0	31	51.8371451148	0	0
0	17	1	15	8.866E-6	0	31	51.8371451148	0	0
0	19	1	13	8.866E-6	0	31	51.8371451148	0	0
0	21	1	11	8.866E-6	0	31	51.8371451148	0	0
0	23	1	9	8.866E-6	0	31	51.8371451148	0	0
0	25	1	7	8.866E-6	0	31	51.8371451148	0	0
0	27	1	5	8.866E-6	0	31	51.8371451148	0	0
0	29	1	3	8.866E-6	0	31	51.8371451148	0	0
0	31	1	1	8.866E-6	0	31	51.8371451148	0	0
0	-31	1	2	3.30233E-6	0	31	58.701270893232	0	0
0	-29	1	4	3.30233E-6	0	31	58.701270893232	0	0
0	-27	1	6	3.30233E-6	0	31	58.701270893232	0	0
0	-25	1	8	3.30233E-6	0	31	58.701270893232	0	0
0	-23	1	10	3.30233E-6	0	31	58.701270893232	0	0
0	-21	1	12	3.30233E-6	0	31	58.701270893232	0	0
0	-19	1	14	3.30233E-6	0	31	58.701270893232	0	0
0	-17	1	16	3.30233E-6	0	31	58.701270893232	0	0
0	-15	1	18	3.30233E-6	0	31	58.701270893232	0	0
0	-13	1	20	3.30233E-6	0	31	58.701270893232	0	0
0	-11	1	22	3.30233E-6	0	31	58.701270893232	0	0
0	-9	1	24	3.30233E-6	0	31	58.701270893232	0	0
0	-7	1	26	3.30233E-6	0	31	58.701270893232	0	0
0	-5	1	28	3.30233E-6	0	31	58.701270893232	0	0
0	-3	1	30	3.30233E-6	0	31	58.701270893232	0	0
0	-1	1	32	3.30233E-6	0	31	58.701270893232	0	0
0	1	1	32	3.30233E-6	0	31	58.701270893232	0	0
0	3	1	30	3.30233E-6	0	31	58.701270893232	0	0
0	5	1	28	3.30233E-6	0	31	58.701270893232	0	0
0	7	1	26	3.30233E-6	0	31	58.701270893232	0	0
0	9	1	24	3.30233E-6	0	31	58.701270893232	0	0
0	11	1	22	3.30233E-6	0	31	58.701270893232	0	0
0	13	1	20	3.30233E-6	0	31	58.701270893232	0	0
0	15	1	18	3.30233E-6	0	31	58.701270893232	0	0
0	17	1	16	3.30233E-6	0	31	58.701270893232	0	0
0	19	1	14	3.30233E-6	0	31	58.701270893232	0	0
0	21	1	12	3.30233E-6	0	31	58.701270893232	0	0
0	23	1	10	3.30233E-6	0	31	58.701270893232	0	0
0	25	1	8	3.30233E-6	0	31	58.701270893232	0	0
0	27	1	6	3.30233E-6	0	31	58.701270893232	0	0
0	29	1	4	3.30233E-6	0	31	58.701270893232	0	0
0	31	1	2	3.30233E-6	0	31	58.701270893232	0	0
0	-33	1	1	3.28124E-6	0	33	58.745809343232	0	0
0	-31	1	3	3.28124E-6	0	33	58.745809343232	0	0
0	-29	1	5	3.28124E-6	0	33	58.745809343232	0	0
0	-27	1	7	3.28124E-6	0	33	58.745809343232	0	0
0	-25	1	9	3.28124E-6	0	33	58.745809343232	0	0
0	-23	1	11	3.28124E-6	0	33	58.745809343232	0	0
0	-21	1	13	3.28124E-6	0	33	58.745809343232	0	0
0	-19	1	15	3.28124E-6	0	33	58.745809343232	0	0
0	-17	1	17	3.28124E-6	0	33	58.745809343232	0	0
0	-15	1	19	3.28124E-6	0	33	58.745809343232	0	0
0	-13	1	21	3.28124E-6	0	33	58.745809343232	0	0
0	-11	1	23	3.28124E-6	0	33	58.745809343232	0	0
0	-9	1	25	3.28124E-6	0	33	58.745809343232	0	0
0	-7	1	27	3.28124E-6	0	33	58.745809343232	0	0
0	-5	1	29	3.28124E-6	0	33	58.745809343232	0	0
0	-3	1	31	3.28124E-6	0	33	58.745809343232	0	0
0	-1	1	33	3.28124E-6	0	33	58.745809343232	0	0
0	1	1	33	3.28124E-6	0	33	58.745809343232	0	0
0	3	1	31	3.28124E-6	0	33	58.745809343232	0	0
0	5	1	29	3.28124E-6	0	33	58.745809343232	0	0
0	7	1	27	3.28124E-6	0	33	58.745809343232	0	0
0	9	1	25	3.28124E-6	0	33	58.745809343232	0	0
0	11	1	23	3.28124E-6	0	33	58.745809343232	0	0
0	13	1	21	3.28124E-6	0	33	58.745809343232	0	0
0	15	1	19	3.28124E-6	0	33	58.745809343232	0	0
0	17	1	17	3.28124E-6	0	33	58.745809343232	0	0
0	19	1	15	3.28124E-6	0	33	58.745809343232	0	0
0	21	1	13	3.28124E-6	0	33	58.745809343232	0	0
0	23	1	11	3.28124E-6	0	33	58.745809343232	0	0
0	25	1	9	3.28124E-6	0	33	58.745809343232	0	0
0	27	1	7	3.28124E-6	0	33	58.745809343232	0	0
0	29	1	5	3.28124E-6	0	33	58.745809343232	0	0
0	31	1	3	3.28124E-6	0	33	58.745809343232	0	0
0	33	1	1	3.28124E-6	0	33	58.745809343232	0	0
0	-33	1	2	1.14908E-6	0	33	66.038529072528	0	0
0	-31	1	4	1.14908E-6	0	33	66.038529072528	0	0
0	-29	1	6	1.14908E-6	0	33	66.038529072528	0	0
0	-27	1	8	1.14908E-6	0	33	66.038529072528	0	0
0	-25	1	10	1.14908E-6	0	33	66.038529072528	0	0
0	-23	1	12	1.14908E-6	0	33	66.038529072528	0	0
0	-21	1	14	1.14908E-6	0	33	66.038529072528	0	0
0	-19	1	16	1.14908E-6	0	33	66.038529072528	0	0
0	-17	1	18	1.14908E-6	0	33	66.038529072528	0	0
0	-15	1	20	1.14908E-6	0	33	66.038529072528	0	0
0	-13	1	22	1.14908E-6	0	33	66.038529072528	0	0
0	-11	1	24	1.14908E-6	0	33	66.038529072528	0	0
0	-9	1	26	1.14908E-6	0	33	66.038529072528	0	0
0	-7	1	28	1.14908E-6	0	33	66.038529072528	0	0
0	-5	1	30	1.14908E-6	0	33	66.038529072528	0	0
0	-3	1	32	1.14908E-6	0	33	66.038529072528	0	0
0	-1	1	34	1.14908E-6	0	33	66.038529072528	0	0
0	1	1	34	1.14908E-6	0	33	66.038529072528	0	0
0	3	1	32	1.14908E-6	0	33	66.038529072528	0	0
0	5	1	30	1.14908E-6	0	33	66.038529072528	0	0
0	7	1	28	1.14908E-6	0	33	66.038529072528	0	0
0	9	1	26	1.14908E-6	0	33	66.038529072528	0	0
0	11	1	24	1.14908E-6	0	33	66.038529072528	0	0
0	13	1	22	1.14908E-6	0	33	66.038529072528	0	0
0	15	1	20	1.14908E-6	0	33	66.038529072528	0	0
0	17	1	18	1.14908E-6	0	33	66.038529072528	0	0
0	19	1	16	1.14908E-6	0	33	66.038529072528	0	0
0	21	1	14	1.14908E-6	0	33	66.038529072528	0	0
0	23	1	12	1.14908E-6	0	33	66.038529072528	0	0
0	25	1	10	1.14908E-6	0	33	66.038529072528	0	0
0	27	1	8	1.14908E-6	0	33	66.038529072528	0	0
0	29	1	6	1.14908E-6	0	33	66.038529072528	0	0
0	31	1	4	1.14908E-6	0	33	66.038529072528	0	0
0	33	1	2	1.14908E-6	0	33	66.038529072528	0	0
0	-35	1	1	1.1413E-6	0	35	66.085766822528	0	0
0	-33	1	3	1.1413E-6	0	35	66.085766822528	0	0
0	-31	1	5	1.1413E-6	0	35	66.085766822528	0	0
0	-29	1	7	1.1413E-6	0	35	66.085766822528	0	0
0	-27	1	9	1.1413E-6	0	35	66.085766822528	0	0
0	-25	1	11	1.1413E-6	0	35	66.085766822528	0	0
0	-23	1	13	1.1413E-6	0	35	66.085766822528	0	0
0	-21	1	15	1.1413E-6	0	35	66.085766822528	0	0
0	-19	1	17	1.1413E-6	0	35	66.085766822528	0	0
0	-17	1	19	1.1413E-6	0	35	66.085766822528	0	0
0	-15	1	21	1.1413E-6	0	35	66.085766822528	0	0
0	-13	1	23	1.1413E-6	0	35	66.085766822528	0	0
0	-11	1	25	1.1413E-6	0	35	66.085766822528	0	0
0	-9	1	27	1.1413E-6	0	35	66.085766822528	0	0
0	-7	1	29	1.1413E-6	0	35	66.085766822528	0	0
0	-5	1	31	1.1413E-6	0	35	66.085766822528	0	0
0	-3	1	33	1.1413E-6	0	35	66.085766822528	0	0
0	-1	1	35	1.1413E-6	0	35	66.085766822528	0	0
0	1	1	35	1.1413E-6	0	35	66.085766822528	0	0
0	3	1	33	1.1413E-6	0	35	66.085766822528	0	0
0	5	1	31	1.1413E-6	0	35	66.085766822528	0	0
0	7	1	29	1.1413E-6	0	35	66.085766822528	0	0
0	9	1	27	1.1413E-6	0	35	66.085766822528	0	0
0	11	1	25	1.1413E-6	0	35	66.085766822528	0	0
0	13	1	23	1.1413E-6	0	35	66.085766822528	0	0
0	15	1	21	1.1413E-6	0	35	66.085766822528	0	0
0	17	1	19	1.1413E-6	0	35	66.085766822528	0	0
0	19	1	17	1.1413E-6	0	35	66.085766822528	0	0
0	21	1	15	1.1413E-6	0	35	66.085766822528	0	0
0	23	1	13	1.1413E-6	0	35	66.085766822528	0	0
0	25	1	11	1.1413E-6	0	35	66.085766822528	0	0
0	27	1	9	1.1413E-6	0	35	66.085766822528	0	0
0	29	1	7	1.1413E-6	0	35	66.085766822528	0	0
0	31	1	5	1.1413E-6	0	35	66.085766822528	0	0
0	33	1	3	1.1413E-6	0	35	66.085766822528	0	0
0	35	1	1	1.1413E-6	0	35	66.085766822528	0	0
0	-35	1	2	3.7578E-7	0	35	73.807005246272	0	0
0	-33	1	4	3.7578E-7	0	35	73.807005246272	0	0
0	-31	1	6	3.7578E-7	0	35	73.807005246272	0	0
0	-29	1	8	3.7578E-7	0	35	73.807005246272	0	0
0	-27	1	10	3.7578E-7	0	35	73.807005246272	0	0
0	-25	1	12	3.7578E-7	0	35	73.807005246272	0	0
0	-23	1	14	3.7578E-7	0	35	73.807005246272	0	0
0	-21	1	16	3.7578E-7	0	35	73.807005246272	0	0
0	-19	1	18	3.7578E-7	0	35	73.807005246272	0	0
0	-17	1	20	3.7578E-7	0	35	73.807005246272	0	0
0	-15	1	22	3.7578E-7	0	35	73.807005246272	0	0
0	-13	1	24	3.7578E-7	0	35	73.807005246272	0	0
0	-11	1	26	3.7578E-7	0	35	73.807005246272	0	0
0	-9	1	28	3.7578E-7	0	35	73.807005246272	0	0
0	-7	1	30	3.7578E-7	0	35	73.807005246272	0	0
0	-5	1	32	3.7578E-7	0	35	73.807005246272	0	0
0	-3	1	34	3.7578E-7	0	35	73.807005246272	0	0
0	-1	1	36	3.7578E-7	0	35	73.807005246272	0	0
0	1	1	36	3.7578E-7	0	35	73.807005246272	0	0
0	3	1	34	3.7578E-7	0	35	73.807005246272	0	0
0	5	1	32	3.7578E-7	0	35	73.807005246272	0	0
0	7	1	30	3.7578E-7	0	35	73.807005246272	0	0
0	9	1	28	3.7578E-7	0	35	73.807005246272	0	0
0	11	1	26	3.7578E-7	0	35	73.807005246272	0	0
0	13	1	24	3.7578E-7	0	35	73.807005246272	0	0
0	15	1	22	3.7578E-7	0	35	73.807005246272	0	0
0	17	1	20	3.7578E-7	0	35	73.807005246272	0	0
0	19	1	18	3.7578E-7	0	35	73.807005246272	0	0
0	21	1	16	3.7578E-7	0	35	73.807005246272	0	0
0	23	1	14	3.7578E-7	0	35	73.807005246272	0	0
0	25	1	12	3.7578E-7	0	35	73.807005246272	0	0
0	27	1	10	3.7578E-7	0	35	73.807005246272	0	0
0	29	1	8	3.7578E-7	0	35	73.807005246272	0	0
0	31	1	6	3.7578E-7	0	35	73.807005246272	0	0
0	33	1	4	3.7578E-7	0	35	73.807005246272	0	0
0	35	1	2	3.7578E-7	0	35	73.807005246272	0	0
0	-37	1	1	3.7309E-7	0	37	73.856942296272	0	0
0	-35	1	3	3.7309E-7	0	37	73.856942296272	0	0
0	-33	1	5	3.7309E-7	0	37	73.856942296272	0	0
0	-31	1	7	3.7309E-7	0	37	73.856942296272	0	0
0	-29	1	9	3.7309E-7	0	37	73.856942296272	0	0
0	-27	1	11	3.7309E-7	0	37	73.856942296272	0	0
0	-25	1	13	3.7309E-7	0	37	73.856942296272	0	0
0	-23	1	15	3.7309E-7	0	37	73.856942296272	0	0
0	-21	1	17	3.7309E-7	0	37	73.856942296272	0	0
0	-19	1	19	3.7309E-7	0	37	73.856942296272	0	0
0	-17	1	21	3.7309E-7	0	37	73.856942296272	0	0
0	-15	1	23	3.7309E-7	0	37	73.856942296272	0	0
0	-13	1	25	3.7309E-7	0	37	73.856942296272	0	0
0	-11	1	27	3.7309E-7	0	37	73.856942296272	0	0
0	-9	1	29	3.7309E-7	0	37	73.856942296272	0	0
0	-7	1	31	3.7309E-7	0	37	73.856942296272	0	0
0	-5	1	33	3.7309E-7	0	37	73.856942296272	0	0
0	-3	1	35	3.7309E-7	0	37	73.856942296272	0	0
0	-1	1	37	3.7309E-7	0	37	73.856942296272	0	0
0	1	1	37	3.7309E-7	0	37	73.856942296272	0	0
0	3	1	35	3.7309E-7	0	37	73.856942296272	0	0
0	5	1	33	3.7309E-7	0	37	73.856942296272	0	0
0	7	1	31	3.7309E-7	0	37	73.856942296272	0	0
0	9	1	29	3.7309E-7	0	37	73.856942296272	0	0
0	11	1	27	3.7309E-7	0	37	73.856942296272	0	0
0	13	1	25	3.7309E-7	0	37	73.856942296272	0	0
0	15	1	23	3.7309E-7	0	37	73.856942296272	0	0
0	17	1	21	3.7309E-7	0	37	73.856942296272	0	0
0	19	1	19	3.7309E-7	0	37	73.856942296272	0	0
0	21	1	17	3.7309E-7	0	37	73.856942296272	0	0
0	23	1	15	3.7309E-7	0	37	73.856942296272	0	0
0	25	1	13	3.7309E-7	0	37	73.856942296272	0	0
0	27	1	11	3.7309E-7	0	37	73.856942296272	0	0
0	29	1	9	3.7309E-7	0	37	73.856942296272	0	0
0	31	1	7	3.7309E-7	0	37	73.856942296272	0	0
0	33	1	5	3.7309E-7	0	37	73.856942296272	0	0
0	35	1	3	3.7309E-7	0	37	73.856942296272	0	0
0	37	1	1	3.7309E-7	0	37	73.856942296272	0	0
0	-37	1	2	1.15499E-7	0	37	82.0066197312	0	0
0	-35	1	4	1.15499E-7	0	37	82.0066197312	0	0
0	-33	1	6	1.15499E-7	0	37	82.0066197312	0	0
0	-31	1	8	1.15499E-7	0	37	82.0066197312	0	0
0	-29	1	10	1.15499E-7	0	37	82.0066197312	0	0
0	-27	1	12	1.15499E-7	0	37	82.0066197312	0	0
0	-25	1	14	1.15499E-7	0	37	82.0066197312	0	0
0	-23	1	16	1.15499E-7	0	37	82.0066197312	0	0
0	-21	1	18	1.15499E-7	0	37	82.0066197312	0	0
0	-19	1	20	1.15499E-7	0	37	82.0066197312	0	0
0	-17	1	22	1.15499E-7	0	37	82.0066197312	0	0
0	-15	1	24	1.15499E-7	0	37	82.0066197312	0	0
0	-13	1	26	1.15499E-7	0	37	82.0066197312	0	0
0	-11	1	28	1.15499E-7	0	37	82.0066197312	0	0
0	-9	1	30	1.15499E-7	0	37	82.0066197312	0	0
0	-7	1	32	1.15499E-7	0	37	82.0066197312	0	0
0	-5	1	34	1.15499E-7	0	37	82.0066197312	0	0
0	-3	1	36	1.15499E-7	0	37	82.0066197312	0	0
0	-1	1	38	1.15499E-7	0	37	82.0066197312	0	0
0	1	1	38	1.15499E-7	0	37	82.0066197312	0	0
0	3	1	36	1.15499E-7	0	37	82.0066197312	0	0
0	5	1	34	1.15499E-7	0	37	82.0066197312	0	0
0	7	1	32	1.15499E-7	0	37	82.0066197312	0	0
0	9	1	30	1.15499E-7	0	37	82.0066197312	0	0
0	11	1	28	1.15499E-7	0	37	82.0066197312	0	0
0	13	1	26	1.15499E-7	0	37	82.0066197312	0	0
0	15	1	24	1.15499E-7	0	37	82.0066197312	0	0
0	17	1	22	1.15499E-7	0	37	82.0066197312	0	0
0	19	1	20	1.15499E-7	0	37	82.0066197312	0	0
0	21	1	18	1.15499E-7	0	37	82.0066197312	0	0
0	23	1	16	1.15499E-7	0	37	82.0066197312	0	0
0	25	1	14	1.15499E-7	0	37	82.0066197312	0	0
0	27	1	12	1.15499E-7	0	37	82.0066197312	0	0
0	29	1	10	1.15499E-7	0	37	82.0066197312	0	0
0	31	1	8	1.15499E-7	0	37	82.0066197312	0	0
0	33	1	6	1.15499E-7	0	37	82.0066197312	0	0
0	35	1	4	1.15499E-7	0	37	82.0066197312	0	0
0	37	1	2	1.15499E-7	0	37	82.0066197312	0	0
0	-39	1	1	1.14628E-7	0	39	82.0592560812	0	0
0	-37	1	3	1.14628E-7	0	39	82.0592560812	0	0
0	-35	1	5	1.14628E-7	0	39	82.0592560812	0	0
0	-33	1	7	1.14628E-7	0	39	82.0592560812	0	0
0	-31	1	9	1.14628E-7	0	39	82.0592560812	0	0
0	-29	1	11	1.14628E-7	0	39	82.0592560812	0	0
0	-27	1	13	1.14628E-7	0	39	82.0592560812	0	0
0	-25	1	15	1.14628E-7	0	39	82.0592560812	0	0
0	-23	1	17	1.14628E-7	0	39	82.0592560812	0	0
0	-21	1	19	1.14628E-7	0	39	82.0592560812	0	0
0	-19	1	21	1.14628E-7	0	39	82.0592560812	0	0
0	-17	1	23	1.14628E-7	0	39	82.0592560812	0	0
0	-15	1	25	1.14628E-7	0	39	82.0592560812	0	0
0	-13	1	27	1.14628E-7	0	39	82.0592560812	0	0
0	-11	1	29	1.14628E-7	0	39	82.0592560812	0	0
0	-9	1	31	1.14628E-7	0	39	82.0592560812	0	0
0	-7	1	33	1.14628E-7	0	39	82.0592560812	0	0
0	-5	1	35	1.14628E-7	0	39	82.0592560812	0	0
0	-3	1	37	1.14628E-7	0	39	82.0592560812	0	0
0	-1	1	39	1.14628E-7	0	39	82.0592560812	0	0
0	1	1	39	1.14628E-7	0	39	82.0592560812	0	0
0	3	1	37	1.14628E-7	0	39	82.0592560812	0	0
0	5	1	35	1.14628E-7	0	39	82.0592560812	0	0
0	7	1	33	1.14628E-7	0	39	82.0592560812	0	0
0	9	1	31	1.14628E-7	0	39	82.0592560812	0	0
0	11	1	29	1.14628E-7	0	39	82.0592560812	0	0
0	13	1	27	1.14628E-7	0	39	82.0592560812	0	0
0	15	1	25	1.14628E-7	0	39	82.0592560812	0	0
0	17	1	23	1.14628E-7	0	39	82.0592560812	0	0
0	19	1	21	1.14628E-7	0	39	82.0592560812	0	0
0	21	1	19	1.14628E-7	0	39	82.0592560812	0	0
0	23	1	17	1.14628E-7	0	39	82.0592560812	0	0
0	25	1	15	1.14628E-7	0	39	82.0592560812	0	0
0	27	1	13	1.14628E-7	0	39	82.0592560812	0	0
0	29	1	11	1.14628E-7	0	39	82.0592560812	0	0
0	31	1	9	1.14628E-7	0	39	82.0592560812	0	0
0	33	1	7	1.14628E-7	0	39	82.0592560812	0	0
0	35	1	5	1.14628E-7	0	39	82.0592560812	0	0
0	37	1	3	1.14628E-7	0	39	82.0592560812	0	0
0	39	1	1	1.14628E-7	0	39	82.0592560812	0	0
0	-39	1	2	3.33648E-8	0	39	90.6372884172	0	0
0	-37	1	4	3.33648E-8	0	39	90.6372884172	0	0
0	-35	1	6	3.33648E-8	0	39	90.6372884172	0	0
0	-33	1	8	3.33648E-8	0	39	90.6372884172	0	0
0	-31	1	10	3.33648E-8	0	39	90.6372884172	0	0
0	-29	1	12	3.33648E-8	0	39	90.6372884172	0	0
0	-27	1	14	3.33648E-8	0	39	90.6372884172	0	0
0	-25	1	16	3.33648E-8	0	39	90.6372884172	0	0
0	-23	1	18	3.33648E-8	0	39	90.6372884172	0	0
0	-21	1	20	3.33648E-8	0	39	90.6372884172	0	0
0	-19	1	22	3.33648E-8	0	39	90.6372884172	0	0
0	-17	1	24	3.33648E-8	0	39	90.6372884172	0	0
0	-15	1	26	3.33648E-8	0	39	90.6372884172	0	0
0	-13	1	28	3.33648E-8	0	39	90.6372884172	0	0
0	-11	1	30	3.33648E-8	0	39	90.6372884172	0	0
0	-9	1	32	3.33648E-8	0	39	90.6372884172	0	0
0	-7	1	34	3.33648E-8	0	39	90.6372884172	0	0
0	-5	1	36	3.33648E-8	0	39	90.6372884172	0	0
0	-3	1	38	3.33648E-8	0	39	90.6372884172	0	0
0	-1	1	40	3.33648E-8	0	39	90.6372884172	0	0
0	1	1	40	3.33648E-8	0	39	90.6372884172	0	0
0	3	1	38	3.33648E-8	0	39	90.6372884172	0	0
0	5	1	36	3.33648E-8	0	39	90.6372884172	0	0
0	7	1	34	3.33648E-8	0	39	90.6372884172	0	0
0	9	1	32	3.33648E-8	0	39	90.6372884172	0	0
0	11	1	30	3.33648E-8	0	39	90.6372884172	0	0
0	13	1	28	3.33648E-8	0	39	90.6372884172	0	0
0	15	1	26	3.33648E-8	0	39	90.6372884172	0	0
0	17	1	24	3.33648E-8	0	39	90.6372884172	0	0
0	19	1	22	3.33648E-8	0	39	90.6372884172	0	0
0	21	1	20	3.33648E-8	0	39	90.6372884172	0	0
0	23	1	18	3.33648E-8	0	39	90.6372884172	0	0
0	25	1	16	3.33648E-8	0	39	90.6372884172	0	0
0	27	1	14	3.33648E-8	0	39	90.6372884172	0	0
0	29	1	12	3.33648E-8	0	39	90.6372884172	0	0
0	31	1	10	3.33648E-8	0	39	90.6372884172	0	0
0	33	1	8	3.33648E-8	0	39	90.6372884172	0	0
0	35	1	6	3.33648E-8	0	39	90.6372884172	0	0
0	37	1	4	3.33648E-8	0	39	90.6372884172	0	0
0	39	1	2	3.33648E-8	0	39	90.6372884172	0	0
1	-1	1	1	2.6201E-23	0	1	11630.2588757	0	0
1	1	1	1	2.6201E-23	0	1	11630.2588757	0	0
1	-1	1	2	2.5248E-23	0	1	11630.5164257	0	0
1	1	1	2	2.5248E-23	0	1	11630.5164257	0	0
1	-3	1	1	2.436E-23	0	3	11630.7652748	0	0
1	-1	1	3	2.436E-23	0	3	11630.7652748	0	0
1	1	1	3	2.436E-23	0	3	11630.7652748	0	0
1	3	1	1	2.436E-23	0	3	11630.7652748	0	0
1	-3	1	2	2.262E-23	0	3	11631.2803748	0	0
1	-1	1	4	2.262E-23	0	3	11631.2803748	0	0
1	1	1	4	2.262E-23	0	3	11631.2803748	0	0
1	3	1	2	2.262E-23	0	3	11631.2803748	0	0
1	-5	1	1	2.1309E-23	0	5	11631.6951153	0	0
1	-3	1	3	2.1309E-23	0	5	11631.6951153	0	0
1	-1	1	5	2.1309E-23	0	5	11631.6951153	0	0
1	1	1	5	2.1309E-23	0	5	11631.6951153	0	0
1	3	1	3	2.1309E-23	0	5	11631.6951153	0	0
1	5	1	1	2.1309E-23	0	5	11631.6951153	0	0
1	-5	1	2	1.9067E-23	0	5	11632.4677653	0	0
1	-3	1	4	1.9067E-23	0	5	11632.4677653	0	0
1	-1	1	6	1.9067E-23	0	5	11632.4677653	0	0
1	1	1	6	1.9067E-23	0	5	11632.4677653	0	0
1	3	1	4	1.9067E-23	0	5	11632.4677653	0	0
1	5	1	2	1.9067E-23	0	5	11632.4677653	0	0
1	-7	1	1	1.7539E-23	0	7	11633.0483852	0	0
1	-5	1	3	1.7539E-23	0	7	11633.0483852	0	0
1	-3	1	5	1.7539E-23	0	7	11633.0483852	0	0
1	-1	1	7	1.7539E-23	0	7	11633.0483852	0	0
1	1	1	7	1.7539E-23	0	7	11633.0483852	0	0
1	3	1	5	1.7539E-23	0	7	11633.0483852	0	0
1	5	1	3	1.7539E-23	0	7	11633.0483852	0	0
1	7	1	1	1.7539E-23	0	7	11633.0483852	0	0
1	-7	1	2	1.5123E-23	0	7	11634.0785852	0	0
1	-5	1	4	1.5123E-23	0	7	11634.0785852	0	0
1	-3	1	6	1.5123E-23	0	7	11634.0785852	0	0
1	-1	1	8	1.5123E-23	0	7	11634.0785852	0	0
1	1	1	8	1.5123E-23	0	7	11634.0785852	0	0
1	3	1	6	1.5123E-23	0	7	11634.0785852	0	0
1	5	1	4	1.5123E-23	0	7	11634.0785852	0	0
1	7	1	2	1.5123E-23	0	7	11634.0785852	0	0
1	-9	1	1	1.3583E-23	0	9	11634.8250677	0	0
1	-7	1	3	1.3583E-23	0	9	11634.8250677	0	0
1	-5	1	5	1.3583E-23	0	9	11634.8250677	0	0
1	-3	1	7	1.3583E-23	0	9	11634.8250677	0	0
1	-1	1	9	1.3583E-23	0	9	11634.8250677	0	0
1	1	1	9	1.3583E-23	0	9	11634.8250677	0	0
1	3	1	7	1.3583E-23	0	9	11634.8250677	0	0
1	5	1	5	1.3583E-23	0	9	11634.8250677	0	0
1	7	1	3	1.3583E-23	0	9	11634.8250677	0	0
1	9	1	1	1.3583E-23	0	9	11634.8250677	0	0
1	-9	1	2	1.1286E-23	0	9	11636.1128177	0	0
1	-7	1	4	1.1286E-23	0	9	11636.1128177	0	0
1	-5	1	6	1.1286E-23	0	9	11636.1128177	0	0
1	-3	1	8	1.1286E-23	0	9	11636.1128177	0	0
1	-1	1	10	1.1286E-23	0	9	11636.1128177	0	0
1	1	1	10	1.1286E-23	0	9	11636.1128177	0	0
1	3	1	8	1.1286E-23	0	9	11636.1128177	0	0
1	5	1	6	1.1286E-23	0	9	11636.1128177	0	0
1	7	1	4	1.1286E-23	0	9	11636.1128177	0	0
1	9	1	2	1.1286E-23	0	9	11636.1128177	0	0
1	-11	1	1	9.8974E-24	0	11	11637.0251412	0	0
1	-9	1	3	9.8974E-24	0	11	11637.0251412	0	0
1	-7	1	5	9.8974E-24	0	11	11637.0251412	0	0
1	-5	1	7	9.8974E-24	0	11	11637.0251412	0	0
1	-3	1	9	9.8974E-24	0	11	11637.0251412	0	0
1	-1	1	11	9.8974E-24	0	11	11637.0251412	0	0
1	1	1	11	9.8974E-24	0	11	11637.0251412	0	0
1	3	1	9	9.8974E-24	0	11	11637.0251412	0	0
1	5	1	7	9.8974E-24	0	11	11637.0251412	0	0
1	7	1	5	9.8974E-24	0	11	11637.0251412	0	0
1	9	1	3	9.8974E-24	0	11	11637.0251412	0	0
1	11	1	1	9.8974E-24	0	11	11637.0251412	0	0
1	-11	1	2	7.9244E-24	0	11	11638.5704412	0	0
1	-9	1	4	7.9244E-24	0	11	11638.5704412	0	0
1	-7	1	6	7.9244E-24	0	11	11638.5704412	0	0
1	-5	1	8	7.9244E-24	0	11	11638.5704412	0	0
1	-3	1	10	7.9244E-24	0	11	11638.5704412	0	0
1	-1	1	12	7.9244E-24	0	11	11638.5704412	0	0
1	1	1	12	7.9244E-24	0	11	11638.5704412	0	0
1	3	1	10	7.9244E-24	0	11	11638.5704412	0	0
1	5	1	8	7.9244E-24	0	11	11638.5704412	0	0
1	7	1	6	7.9244E-24	0	11	11638.5704412	0	0
1	9	1	4	7.9244E-24	0	11	11638.5704412	0	0
1	11	1	2	7.9244E-24	0	11	11638.5704412	0	0
1	-13	1	1	6.7857E-24	0	13	11639.6485793	0	0
1	-11	1	3	6.7857E-24	0	13	11639.6485793	0	0
1	-9	1	5	6.7857E-24	0	13	11639.6485793	0	0
1	-7	1	7	6.7857E-24	0	13	11639.6485793	0	0
1	-5	1	9	6.7857E-24	0	13	11639.6485793	0	0
1	-3	1	11	6.7857E-24	0	13	11639.6485793	0	0
1	-1	1	13	6.7857E-24	0	13	11639.6485793	0	0
1	1	1	13	6.7857E-24	0	13	11639.6485793	0	0
1	3	1	11	6.7857E-24	0	13	11639.6485793	0	0
1	5	1	9	6.7857E-24	0	13	11639.6485793	0	0
1	7	1	7	6.7857E-24	0	13	11639.6485793	0	0
1	9	1	5	6.7857E-24	0	13	11639.6485793	0	0
1	11	1	3	6.7857E-24	0	13	11639.6485793	0	0
1	13	1	1	6.7857E-24	0	13	11639.6485793	0	0
1	-13	1	2	5.2353E-24	0	13	11641.4514293	0	0
1	-11	1	4	5.2353E-24	0	13	11641.4514293	0	0
1	-9	1	6	5.2353E-24	0	13	11641.4514293	0	0
1	-7	1	8	5.2353E-24	0	13	11641.4514293	0	0
1	-5	1	10	5.2353E-24	0	13	11641.4514293	0	0
1	-3	1	12	5.2353E-24	0	13	11641.4514293	0	0
1	-1	1	14	5.2353E-24	0	13	11641.4514293	0	0
1	1	1	14	5.2353E-24	0	13	11641.4514293	0	0
1	3	1	12	5.2353E-24	0	13	11641.4514293	0	0
1	5	1	10	5.2353E-24	0	13	11641.4514293	0	0
1	7	1	8	5.2353E-24	0	13	11641.4514293	0	0
1	9	1	6	5.2353E-24	0	13	11641.4514293	0	0
1	11	1	4	5.2353E-24	0	13	11641.4514293	0	0
1	13	1	2	5.2353E-24	0	13	11641.4514293	0	0
1	-15	1	1	4.3774E-24	0	15	11642.6953508	0	0
1	-13	1	3	4.3774E-24	0	15	11642.6953508	0	0
1	-11	1	5	4.3774E-24	0	15	11642.6953508	0	0
1	-9	1	7	4.3774E-24	0	15	11642.6953508	0	0
1	-7	1	9	4.3774E-24	0	15	11642.6953508	0	0
1	-5	1	11	4.3774E-24	0	15	11642.6953508	0	0
1	-3	1	13	4.3774E-24	0	15	11642.6953508	0	0
1	-1	1	15	4.3774E-24	0	15	11642.6953508	0	0
1	1	1	15	4.3774E-24	0	15	11642.6953508	0	0
1	3	1	13	4.3774E-24	0	15	11642.6953508	0	0
1	5	1	11	4.3774E-24	0	15	11642.6953508	0	0
1	7	1	9	4.3774E-24	0	15	11642.6953508	0	0
1	9	1	7	4.3774E-24	0	15	11642.6953508	0	0
1	11	1	5	4.3774E-24	0	15	11642.6953508	0	0
1	13	1	3	4.3774E-24	0	15	11642.6953508	0	0
1	15	1	1	4.3774E-24	0	15	11642.6953508	0	0
1	-15	1	2	3.2544E-24	0	15	11644.7557508	0	0
1	-13	1	4	3.2544E-24	0	15	11644.7557508	0	0
1	-11	1	6	3.2544E-24	0	15	11644.7557508	0	0
1	-9	1	8	3.2544E-24	0	15	11644.7557508	0	0
1	-7	1	10	3.2544E-24	0	15	11644.7557508	0	0
1	-5	1	12	3.2544E-24	0	15	11644.7557508	0	0
1	-3	1	14	3.2544E-24	0	15	11644.7557508	0	0
1	-1	1	16	3.2544E-24	0	15	11644.7557508	0	0
1	1	1	16	3.2544E-24	0	15	11644.7557508	0	0
1	3	1	14	3.2544E-24	0	15	11644.7557508	0	0
1	5	1	12	3.2544E-24	0	15	11644.7557508	0	0
1	7	1	10	3.2544E-24	0	15	11644.7557508	0	0
1	9	1	8	3.2544E-24	0	15	11644.7557508	0	0
1	11	1	6	3.2544E-24	0	15	11644.7557508	0	0
1	13	1	4	3.2544E-24	0	15	11644.7557508	0	0
1	15	1	2	3.2544E-24	0	15	11644.7557508	0	0
1	-17	1	1	2.657E-24	0	17	11646.1654197	0	0
1	-15	1	3	2.657E-24	0	17	11646.1654197	0	0
1	-13	1	5	2.657E-24	0	17	11646.1654197	0	0
1	-11	1	7	2.657E-24	0	17	11646.1654197	0	0
1	-9	1	9	2.657E-24	0	17	11646.1654197	0	0
1	-7	1	11	2.657E-24	0	17	11646.1654197	0	0
1	-5	1	13	2.657E-24	0	17	11646.1654197	0	0
1	-3	1	15	2.657E-24	0	17	11646.1654197	0	0
1	-1	1	17	2.657E-24	0	17	11646.1654197	0	0
1	1	1	17	2.657E-24	0	17	11646.1654197	0	0
1	3	1	15	2.657E-24	0	17	11646.1654197	0	0
1	5	1	13	2.657E-24	0	17	11646.1654197	0	0
1	7	1	11	2.657E-24	0	17	11646.1654197	0	0
1	9	1	9	2.657E-24	0	17	11646.1654197	0	0
1	11	1	7	2.657E-24	0	17	11646.1654197	0	0
1	13	1	5	2.657E-24	0	17	11646.1654197	0	0
1	15	1	3	2.657E-24	0	17	11646.1654197	0	0
1	17	1	1	2.657E-24	0	17	11646.1654197	0	0
1	-17	1	2	1.9035E-24	0	17	11648.4833697	0	0
1	-15	1	4	1.9035E-24	0	17	11648.4833697	0	0
1	-13	1	6	1.9035E-24	0	17	11648.4833697	0	0
1	-11	1	8	1.9035E-24	0	17	11648.4833697	0	0
1	-9	1	10	1.9035E-24	0	17	11648.4833697	0	0
1	-7	1	12	1.9035E-24	0	17	11648.4833697	0	0
1	-5	1	14	1.9035E-24	0	17	11648.4833697	0	0
1	-3	1	16	1.9035E-24	0	17	11648.4833697	0	0
1	-1	1	18	1.9035E-24	0	17	11648.4833697	0	0
1	1	1	18	1.9035E-24	0	17	11648.4833697	0	0
1	3	1	16	1.9035E-24	0	17	11648.4833697	0	0
1	5	1	14	1.9035E-24	0	17	11648.4833697	0	0
1	7	1	12	1.9035E-24	0	17	11648.4833697	0	0
1	9	1	10	1.9035E-24	0	17	11648.4833697	0	0
1	11	1	8	1.9035E-24	0	17	11648.4833697	0	0
1	13	1	6	1.9035E-24	0	17	11648.4833697	0	0
1	15	1	4	1.9035E-24	0	17	11648.4833697	0	0
1	17	1	2	1.9035E-24	0	17	11648.4833697	0	0
1	-19	1	1	1.5175E-24	0	19	11650.0587452	0	0
1	-17	1	3	1.5175E-24	0	19	11650.0587452	0	0
1	-15	1	5	1.5175E-24	0	19	11650.0587452	0	0
1	-13	1	7	1.5175E-24	0	19	11650.0587452	0	0
1	-11	1	9	1.5175E-24	0	19	11650.0587452	0	0
1	-9	1	11	1.5175E-24	0	19	11650.0587452	0	0
1	-7	1	13	1.5175E-24	0	19	11650.0587452	0	0
1	-5	1	15	1.5175E-24	0	19	11650.0587452	0	0
1	-3	1	17	1.5175E-24	0	19	11650.0587452	0	0
1	-1	1	19	1.5175E-24	0	19	11650.0587452	0	0
1	1	1	19	1.5175E-24	0	19	11650.0587452	0	0
1	3	1	17	1.5175E-24	0	19	11650.0587452	0	0
1	5	1	15	1.5175E-24	0	19	11650.0587452	0	0
1	7	1	13	1.5175E-24	0	19	11650.0587452	0	0
1	9	1	11	1.5175E-24	0	19	11650.0587452	0	0
1	11	1	9	1.5175E-24	0	19	11650.0587452	0	0
1	13	1	7	1.5175E-24	0	19	11650.0587452	0	0
1	15	1	5	1.5175E-24	0	19	11650.0587452	0	0
1	17	1	3	1.5175E-24	0	19	11650.0587452	0	0
1	19	1	1	1.5175E-24	0	19	11650.0587452	0	0
1	-19	1	2	1.0476E-24	0	19	11652.6342452	0	0
1	-17	1	4	1.0476E-24	0	19	11652.6342452	0	0
1	-15	1	6	1.0476E-24	0	19	11652.6342452	0	0
1	-13	1	8	1.0476E-24	0	19	11652.6342452	0	0
1	-11	1	10	1.0476E-24	0	19	11652.6342452	0	0
1	-9	1	12	1.0476E-24	0	19	11652.6342452	0	0
1	-7	1	14	1.0476E-24	0	19	11652.6342452	0	0
1	-5	1	16	1.0476E-24	0	19	11652.6342452	0	0
1	-3	1	18	1.0476E-24	0	19	11652.6342452	0	0
1	-1	1	20	1.0476E-24	0	19	11652.6342452	0	0
1	1	1	20	1.0476E-24	0	19	11652.6342452	0	0
1	3	1	18	1.0476E-24	0	19	11652.6342452	0	0
1	5	1	16	1.0476E-24	0	19	11652.6342452	0	0
1	7	1	14	1.0476E-24	0	19	11652.6342452	0	0
1	9	1	12	1.0476E-24	0	19	11652.6342452	0	0
1	11	1	10	1.0476E-24	0	19	11652.6342452	0	0
1	13	1	8	1.0476E-24	0	19	11652.6342452	0	0
1	15	1	6	1.0476E-24	0	19	11652.6342452	0	0
1	17	1	4	1.0476E-24	0	19	11652.6342452	0	0
1	19	1	2	1.0476E-24	0	19	11652.6342452	0	0
1	-21	1	1	8.1544E-25	0	21	11654.3752817	0	0
1	-19	1	3	8.1544E-25	0	21	11654.3752817	0	0
1	-17	1	5	8.1544E-25	0	21	11654.3752817	0	0
1	-15	1	7	8.1544E-25	0	21	11654.3752817	0	0
1	-13	1	9	8.1544E-25	0	21	11654.3752817	0	0
1	-11	1	11	8.1544E-25	0	21	11654.3752817	0	0
1	-9	1	13	8.1544E-25	0	21	11654.3752817	0	0
1	-7	1	15	8.1544E-25	0	21	11654.3752817	0	0
1	-5	1	17	8.1544E-25	0	21	11654.3752817	0	0
1	-3	1	19	8.1544E-25	0	21	11654.3752817	0	0
1	-1	1	21	8.1544E-25	0	21	11654.3752817	0	0
1	1	1	21	8.1544E-25	0	21	11654.3752817	0	0
1	3	1	19	8.1544E-25	0	21	11654.3752817	0	0
1	5	1	17	8.1544E-25	0	21	11654.3752817	0	0
1	7	1	15	8.1544E-25	0	21	11654.3752817	0	0
1	9	1	13	8.1544E-25	0	21	11654.3752817	0	0
1	11	1	11	8.1544E-25	0	21	11654.3752817	0	0
1	13	1	9	8.1544E-25	0	21	11654.3752817	0	0
1	15	1	7	8.1544E-25	0	21	11654.3752817	0	0
1	17	1	5	8.1544E-25	0	21	11654.3752817	0	0
1	19	1	3	8.1544E-25	0	21	11654.3752817	0	0
1	21	1	1	8.1544E-25	0	21	11654.3752817	0	0
1	-21	1	2	5.4246E-25	0	21	11657.2083317	0	0
1	-19	1	4	5.4246E-25	0	21	11657.2083317	0	0
1	-17	1	6	5.4246E-25	0	21	11657.2083317	0	0
1	-15	1	8	5.4246E-25	0	21	11657.2083317	0	0
1	-13	1	10	5.4246E-25	0	21	11657.2083317	0	0
1	-11	1	12	5.4246E-25	0	21	11657.2083317	0	0
1	-9	1	14	5.4246E-25	0	21	11657.2083317	0	0
1	-7	1	16	5.4246E-25	0	21	11657.2083317	0	0
1	-5	1	18	5.4246E-25	0	21	11657.2083317	0	0
1	-3	1	20	5.4246E-25	0	21	11657.2083317	0	0
1	-1	1	22	5.4246E-25	0	21	11657.2083317	0	0
1	1	1	22	5.4246E-25	0	21	11657.2083317	0	0
1	3	1	20	5.4246E-25	0	21	11657.2083317	0	0
1	5	1	18	5.4246E-25	0	21	11657.2083317	0	0
1	7	1	16	5.4246E-25	0	21	11657.2083317	0	0
1	9	1	14	5.4246E-25	0	21	11657.2083317	0	0
1	11	1	12	5.4246E-25	0	21	11657.2083317	0	0
1	13	1	10	5.4246E-25	0	21	11657.2083317	0	0
1	15	1	8	5.4246E-25	0	21	11657.2083317	0	0
1	17	1	6	5.4246E-25	0	21	11657.2083317	0	0
1	19	1	4	5.4246E-25	0	21	11657.2083317	0	0
1	21	1	2	5.4246E-25	0	21	11657.2083317	0	0
1	-23	1	1	4.1232E-25	0	23	11659.1149788	0	0
1	-21	1	3	4.1232E-25	0	23	11659.1149788	0	0
1	-19	1	5	4.1232E-25	0	23	11659.1149788	0	0
1	-17	1	7	4.1232E-25	0	23	11659.1149788	0	0
1	-15	1	9	4.1232E-25	0	23	11659.1149788	0	0
1	-13	1	11	4.1232E-25	0	23	11659.1149788	0	0
1	-11	1	13	4.1232E-25	0	23	11659.1149788	0	0
1	-9	1	15	4.1232E-25	0	23	11659.1149788	0	0
1	-7	1	17	4.1232E-25	0	23	11659.1149788	0	0
1	-5	1	19	4.1232E-25	0	23	11659.1149788	0	0
1	-3	1	21	4.1232E-25	0	23	11659.1149788	0	0
1	-1	1	23	4.1232E-25	0	23	11659.1149788	0	0
1	1	1	23	4.1232E-25	0	23	11659.1149788	0	0
1	3	1	21	4.1232E-25	0	23	11659.1149788	0	0
1	5	1	19	4.1232E-25	0	23	11659.1149788	0	0
1	7	1	17	4.1232E-25	0	23	11659.1149788	0	0
1	9	1	15	4.1232E-25	0	23	11659.1149788	0	0
1	11	1	13	4.1232E-25	0	23	11659.1149788	0	0
1	13	1	11	4.1232E-25	0	23	11659.1149788	0	0
1	15	1	9	4.1232E-25	0	23	11659.1149788	0	0
1	17	1	7	4.1232E-25	0	23	11659.1149788	0	0
1	19	1	5	4.1232E-25	0	23	11659.1149788	0	0
1	21	1	3	4.1232E-25	0	23	11659.1149788	0	0
1	23	1	1	4.1232E-25	0	23	11659.1149788	0	0
1	-23	1	2	2.6431E-25	0	23	11662.2055788	0	0
1	-21	1	4	2.6431E-25	0	23	11662.2055788	0	0
1	-19	1	6	2.6431E-25	0	23	11662.2055788	0	0
1	-17	1	8	2.6431E-25	0	23	11662.2055788	0	0
1	-15	1	10	2.6431E-25	0	23	11662.2055788	0	0
1	-13	1	12	2.6431E-25	0	23	11662.2055788	0	0
1	-11	1	14	2.6431E-25	0	23	11662.2055788	0	0
1	-9	1	16	2.6431E-25	0	23	11662.2055788	0	0
1	-7	1	18	2.6431E-25	0	23	11662.2055788	0	0
1	-5	1	20	2.6431E-25	0	23	11662.2055788	0	0
1	-3	1	22	2.6431E-25	0	23	11662.2055788	0	0
1	-1	1	24	2.6431E-25	0	23	11662.2055788	0	0
1	1	1	24	2.6431E-25	0	23	11662.2055788	0	0
1	3	1	22	2.6431E-25	0	23	11662.2055788	0	0
1	5	1	20	2.6431E-25	0	23	11662.2055788	0	0
1	7	1	18	2.6431E-25	0	23	11662.2055788	0	0
1	9	1	16	2.6431E-25	0	23	11662.2055788	0	0
1	11	1	14	2.6431E-25	0	23	11662.2055788	0	0
1	13	1	12	2.6431E-25	0	23	11662.2055788	0	0
1	15	1	10	2.6431E-25	0	23	11662.2055788	0	0
1	17	1	8	2.6431E-25	0	23	11662.2055788	0	0
1	19	1	6	2.6431E-25	0	23	11662.2055788	0	0
1	21	1	4	2.6431E-25	0	23	11662.2055788	0	0
1	23	1	2	2.6431E-25	0	23	11662.2055788	0	0
1	-25	1	1	1.9617E-25	0	25	11664.2777813	0	0
1	-23	1	3	1.9617E-25	0	25	11664.2777813	0	0
1	-21	1	5	1.9617E-25	0	25	11664.2777813	0	0
1	-19	1	7	1.9617E-25	0	25	11664.2777813	0	0
1	-17	1	9	1.9617E-25	0	25	11664.2777813	0	0
1	-15	1	11	1.9617E-25	0	25	11664.2777813	0	0
1	-13	1	13	1.9617E-25	0	25	11664.2777813	0	0
1	-11	1	15	1.9617E-25	0	25	11664.2777813	0	0
1	-9	1	17	1.9617E-25	0	25	11664.2777813	0	0
1	-7	1	19	1.9617E-25	0	25	11664.2777813	0	0
1	-5	1	21	1.9617E-25	0	25	11664.2777813	0	0
1	-3	1	23	1.9617E-25	0	25	11664.2777813	0	0
1	-1	1	25	1.9617E-25	0	25	11664.2777813	0	0
1	1	1	25	1.9617E-25	0	25	11664.2777813	0	0
1	3	1	23	1.9617E-25	0	25	11664.2777813	0	0
1	5	1	21	1.9617E-25	0	25	11664.2777813	0	0
1	7	1	19	1.9617E-25	0	25	11664.2777813	0	0
1	9	1	17	1.9617E-25	0	25	11664.2777813	0	0
1	11	1	15	1.9617E-25	0	25	11664.2777813	0	0
1	13	1	13	1.9617E-25	0	25	11664.2777813	0	0
1	15	1	11	1.9617E-25	0	25	11664.2777813	0	0
1	17	1	9	1.9617E-25	0	25	11664.2777813	0	0
1	19	1	7	1.9617E-25	0	25	11664.2777813	0	0
1	21	1	5	1.9617E-25	0	25	11664.2777813	0	0
1	23	1	3	1.9617E-25	0	25	11664.2777813	0	0
1	25	1	1	1.9617E-25	0	25	11664.2777813	0	0
1	-25	1	2	1.2118E-25	0	25	11667.6259313	0	0
1	-23	1	4	1.2118E-25	0	25	11667.6259313	0	0
1	-21	1	6	1.2118E-25	0	25	11667.6259313	0	0
1	-19	1	8	1.2118E-25	0	25	11667.6259313	0	0
1	-17	1	10	1.2118E-25	0	25	11667.6259313	0	0
1	-15	1	12	1.2118E-25	0	25	11667.6259313	0	0
1	-13	1	14	1.2118E-25	0	25	11667.6259313	0	0
1	-11	1	16	1.2118E-25	0	25	11667.6259313	0	0
1	-9	1	18	1.2118E-25	0	25	11667.6259313	0	0
1	-7	1	20	1.2118E-25	0	25	11667.6259313	0	0
1	-5	1	22	1.2118E-25	0	25	11667.6259313	0	0
1	-3	1	24	1.2118E-25	0	25	11667.6259313	0	0
1	-1	1	26	1.2118E-25	0	25	11667.6259313	0	0
1	1	1	26	1.2118E-25	0	25	11667.6259313	0	0
1	3	1	24	1.2118E-25	0	25	11667.6259313	0	0
1	5	1	22	1.2118E-25	0	25	11667.6259313	0	0
1	7	1	20	1.2118E-25	0	25	11667.6259313	0	0
1	9	1	18	1.2118E-25	0	25	11667.6259313	0	0
1	11	1	16	1.2118E-25	0	25	11667.6259313	0	0
1	13	1	14	1.2118E-25	0	25	11667.6259313	0	0
1	15	1	12	1.2118E-25	0	25	11667.6259313	0	0
1	17	1	10	1.2118E-25	0	25	11667.6259313	0	0
1	19	1	8	1.2118E-25	0	25	11667.6259313	0	0
1	21	1	6	1.2118E-25	0	25	11667.6259313	0	0
1	23	1	4	1.2118E-25	0	25	11667.6259313	0	0
1	25	1	2	1.2118E-25	0	25	11667.6259313	0	0
1	-27	1	1	8.7821E-26	0	27	11669.8636292	0	0
1	-25	1	3	8.7821E-26	0	27	11669.8636292	0	0
1	-23	1	5	8.7821E-26	0	27	11669.8636292	0	0
1	-21	1	7	8.7821E-26	0	27	11669.8636292	0	0
1	-19	1	9	8.7821E-26	0	27	11669.8636292	0	0
1	-17	1	11	8.7821E-26	0	27	11669.8636292	0	0
1	-15	1	13	8.7821E-26	0	27	11669.8636292	0	0
1	-13	1	15	8.7821E-26	0	27	11669.8636292	0	0
1	-11	1	17	8.7821E-26	0	27	11669.8636292	0	0
1	-9	1	19	8.7821E-26	0	27	11669.8636292	0	0
1	-7	1	21	8.7821E-26	0	27	11669.8636292	0	0
1	-5	1	23	8.7821E-26	0	27	11669.8636292	0	0
1	-3	1	25	8.7821E-26	0	27	11669.8636292	0	0
1	-1	1	27	8.7821E-26	0	27	11669.8636292	0	0
1	1	1	27	8.7821E-26	0	27	11669.8636292	0	0
1	3	1	25	8.7821E-26	0	27	11669.8636292	0	0
1	5	1	23	8.7821E-26	0	27	11669.8636292	0	0
1	7	1	21	8.7821E-26	0	27	11669.8636292	0	0
1	9	1	19	8.7821E-26	0	27	11669.8636292	0	0
1	11	1	17	8.7821E-26	0	27	11669.8636292	0	0
1	13	1	15	8.7821E-26	0	27	11669.8636292	0	0
1	15	1	13	8.7821E-26	0	27	11669.8636292	0	0
1	17	1	11	8.7821E-26	0	27	11669.8636292	0	0
1	19	1	9	8.7821E-26	0	27	11669.8636292	0	0
1	21	1	7	8.7821E-26	0	27	11669.8636292	0	0
1	23	1	5	8.7821E-26	0	27	11669.8636292	0	0
1	25	1	3	8.7821E-26	0	27	11669.8636292	0	0
1	27	1	1	8.7821E-26	0	27	11669.8636292	0	0
1	-27	1	2	5.2275E-26	0	27	11673.4693292	0	0
1	-25	1	4	5.2275E-26	0	27	11673.4693292	0	0
1	-23	1	6	5.2275E-26	0	27	11673.4693292	0	0
1	-21	1	8	5.2275E-26	0	27	11673.4693292	0	0
1	-19	1	10	5.2275E-26	0	27	11673.4693292	0	0
1	-17	1	12	5.2275E-26	0	27	11673.4693292	0	0
1	-15	1	14	5.2275E-26	0	27	11673.4693292	0	0
1	-13	1	16	5.2275E-26	0	27	11673.4693292	0	0
1	-11	1	18	5.2275E-26	0	27	11673.4693292	0	0
1	-9	1	20	5.2275E-26	0	27	11673.4693292	0	0
1	-7	1	22	5.2275E-26	0	27	11673.4693292	0	0
1	-5	1	24	5.2275E-26	0	27	11673.4693292	0	0
1	-3	1	26	5.2275E-26	0	27	11673.4693292	0	0
1	-1	1	28	5.2275E-26	0	27	11673.4693292	0	0
1	1	1	28	5.2275E-26	0	27	11673.4693292	0	0
1	3	1	26	5.2275E-26	0	27	11673.4693292	0	0
1	5	1	24	5.2275E-26	0	27	11673.4693292	0	0
1	7	1	22	5.2275E-26	0	27	11673.4693292	0	0
1	9	1	20	5.2275E-26	0	27	11673.4693292	0	0
1	11	1	18	5.2275E-26	0	27	11673.4693292	0	0
1	13	1	16	5.2275E-26	0	27	11673.4693292	0	0
1	15	1	14	5.2275E-26	0	27	11673.4693292	0	0
1	17	1	12	5.2275E-26	0	27	11673.4693292	0	0
1	19	1	10	5.2275E-26	0	27	11673.4693292	0	0
1	21	1	8	5.2275E-26	0	27	11673.4693292	0	0
1	23	1	6	5.2275E-26	0	27	11673.4693292	0	0
1	25	1	4	5.2275E-26	0	27	11673.4693292	0	0
1	27	1	2	5.2275E-26	0	27	11673.4693292	0	0
1	-29	1	1	3.6994E-26	0	29	11675.8724577	0	0
1	-27	1	3	3.6994E-26	0	29	11675.8724577	0	0
1	-25	1	5	3.6994E-26	0	29	11675.8724577	0	0
1	-23	1	7	3.6994E-26	0	29	11675.8724577	0	0
1	-21	1	9	3.6994E-26	0	29	11675.8724577	0	0
1	-19	1	11	3.6994E-26	0	29	11675.8724577	0	0
1	-17	1	13	3.6994E-26	0	29	11675.8724577	0	0
1	-15	1	15	3.6994E-26	0	29	11675.8724577	0	0
1	-13	1	17	3.6994E-26	0	29	11675.8724577	0	0
1	-11	1	19	3.6994E-26	0	29	11675.8724577	0	0
1	-9	1	21	3.6994E-26	0	29	11675.8724577	0	0
1	-7	1	23	3.6994E-26	0	29	11675.8724577	0	0
1	-5	1	25	3.6994E-26	0	29	11675.8724577	0	0
1	-3	1	27	3.6994E-26	0	29	11675.8724577	0	0
1	-1	1	29	3.6994E-26	0	29	11675.8724577	0	0
1	1	1	29	3.6994E-26	0	29	11675.8724577	0	0
1	3	1	27	3.6994E-26	0	29	11675.8724577	0	0
1	5	1	25	3.6994E-26	0	29	11675.8724577	0	0
1	7	1	23	3.6994E-26	0	29	11675.8724577	0	0
1	9	1	21	3.6994E-26	0	29	11675.8724577	0	0
1	11	1	19	3.6994E-26	0	29	11675.8724577	0	0
1	13	1	17	3.6994E-26	0	29	11675.8724577	0	0
1	15	1	15	3.6994E-26	0	29	11675.8724577	0	0
1	17	1	13	3.6994E-26	0	29	11675.8724577	0	0
1	19	1	11	3.6994E-26	0	29	11675.8724577	0	0
1	21	1	9	3.6994E-26	0	29	11675.8724577	0	0
1	23	1	7	3.6994E-26	0	29	11675.8724577	0	0
1	25	1	5	3.6994E-26	0	29	11675.8724577	0	0
1	27	1	3	3.6994E-26	0	29	11675.8724577	0	0
1	29	1	1	3.6994E-26	0	29	11675.8724577	0	0
1	-29	1	2	2.122E-26	0	29	11679.7357077	0	0
1	-27	1	4	2.122E-26	0	29	11679.7357077	0	0
1	-25	1	6	2.122E-26	0	29	11679.7357077	0	0
1	-23	1	8	2.122E-26	0	29	11679.7357077	0	0
1	-21	1	10	2.122E-26	0	29	11679.7357077	0	0
1	-19	1	12	2.122E-26	0	29	11679.7357077	0	0
1	-17	1	14	2.122E-26	0	29	11679.7357077	0	0
1	-15	1	16	2.122E-26	0	29	11679.7357077	0	0
1	-13	1	18	2.122E-26	0	29	11679.7357077	0	0
1	-11	1	20	2.122E-26	0	29	11679.7357077	0	0
1	-9	1	22	2.122E-26	0	29	11679.7357077	0	0
1	-7	1	24	2.122E-26	0	29	11679.7357077	0	0
1	-5	1	26	2.122E-26	0	29	11679.7357077	0	0
1	-3	1	28	2.122E-26	0	29	11679.7357077	0	0
1	-1	1	30	2.122E-26	0	29	11679.7357077	0	0
1	1	1	30	2.122E-26	0	29	11679.7357077	0	0
1	3	1	28	2.122E-26	0	29	11679.7357077	0	0
1	5	1	26	2.122E-26	0	29	11679.7357077	0	0
1	7	1	24	2.122E-26	0	29	11679.7357077	0	0
1	9	1	22	2.122E-26	0	29	11679.7357077	0	0
1	11	1	20	2.122E-26	0	29	11679.7357077	0	0
1	13	1	18	2.122E-26	0	29	11679.7357077	0	0
1	15	1	16	2.122E-26	0	29	11679.7357077	0	0
1	17	1	14	2.122E-26	0	29	11679.7357077	0	0
1	19	1	12	2.122E-26	0	29	11679.7357077	0	0
1	21	1	10	2.122E-26	0	29	11679.7357077	0	0
1	23	1	8	2.122E-26	0	29	11679.7357077	0	0
1	25	1	6	2.122E-26	0	29	11679.7357077	0	0
1	27	1	4	2.122E-26	0	29	11679.7357077	0	0
1	29	1	2	2.122E-26	0	29	11679.7357077	0	0
1	-31	1	1	1.4664E-26	0	31	11682.3041972	0	0
1	-29	1	3	1.4664E-26	0	31	11682.3041972	0	0
1	-27	1	5	1.4664E-26	0	31	11682.3041972	0	0
1	-25	1	7	1.4664E-26	0	31	11682.3041972	0	0
1	-23	1	9	1.4664E-26	0	31	11682.3041972	0	0
1	-21	1	11	1.4664E-26	0	31	11682.3041972	0	0
1	-19	1	13	1.4664E-26	0	31	11682.3041972	0	0
1	-17	1	15	1.4664E-26	0	31	11682.3041972	0	0
1	-15	1	17	1.4664E-26	0	31	11682.3041972	0	0
1	-13	1	19	1.4664E-26	0	31	11682.3041972	0	0
1	-11	1	21	1.4664E-26	0	31	11682.3041972	0	0
1	-9	1	23	1.4664E-26	0	31	11682.3041972	0	0
1	-7	1	25	1.4664E-26	0	31	11682.3041972	0	0
1	-5	1	27	1.4664E-26	0	31	11682.3041972	0	0
1	-3	1	29	1.4664E-26	0	31	11682.3041972	0	0
1	-1	1	31	1.4664E-26	0	31	11682.3041972	0	0
1	1	1	31	1.4664E-26	0	31	11682.3041972	0	0
1	3	1	29	1.4664E-26	0	31	11682.3041972	0	0
1	5	1	27	1.4664E-26	0	31	11682.3041972	0	0
1	7	1	25	1.4664E-26	0	31	11682.3041972	0	0
1	9	1	23	1.4664E-26	0	31	11682.3041972	0	0
1	11	1	21	1.4664E-26	0	31	11682.3041972	0	0
1	13	1	19	1.4664E-26	0	31	11682.3041972	0	0
1	15	1	17	1.4664E-26	0	31	11682.3041972	0	0
1	17	1	15	1.4664E-26	0	31	11682.3041972	0	0
1	19	1	13	1.4664E-26	0	31	11682.3041972	0	0
1	21	1	11	1.4664E-26	0	31	11682.3041972	0	0
1	23	1	9	1.4664E-26	0	31	11682.3041972	0	0
1	25	1	7	1.4664E-26	0	31	11682.3041972	0	0
1	27	1	5	1.4664E-26	0	31	11682.3041972	0	0
1	29	1	3	1.4664E-26	0	31	11682.3041972	0	0
1	31	1	1	1.4664E-26	0	31	11682.3041972	0	0
1	-31	1	2	8.1051E-27	0	31	11686.4249972	0	0
1	-29	1	4	8.1051E-27	0	31	11686.4249972	0	0
1	-27	1	6	8.1051E-27	0	31	11686.4249972	0	0
1	-25	1	8	8.1051E-27	0	31	11686.4249972	0	0
1	-23	1	10	8.1051E-27	0	31	11686.4249972	0	0
1	-21	1	12	8.1051E-27	0	31	11686.4249972	0	0
1	-19	1	14	8.1051E-27	0	31	11686.4249972	0	0
1	-17	1	16	8.1051E-27	0	31	11686.4249972	0	0
1	-15	1	18	8.1051E-27	0	31	11686.4249972	0	0
1	-13	1	20	8.1051E-27	0	31	11686.4249972	0	0
1	-11	1	22	8.1051E-27	0	31	11686.4249972	0	0
1	-9	1	24	8.1051E-27	0	31	11686.4249972	0	0
1	-7	1	26	8.1051E-27	0	31	11686.4249972	0	0
1	-5	1	28	8.1051E-27	0	31	11686.4249972	0	0
1	-3	1	30	8.1051E-27	0	31	11686.4249972	0	0
1	-1	1	32	8.1051E-27	0	31	11686.4249972	0	0
1	1	1	32	8.1051E-27	0	31	11686.4249972	0	0
1	3	1	30	8.1051E-27	0	31	11686.4249972	0	0
1	5	1	28	8.1051E-27	0	31	11686.4249972	0	0
1	7	1	26	8.1051E-27	0	31	11686.4249972	0	0
1	9	1	24	8.1051E-27	0	31	11686.4249972	0	0
1	11	1	22	8.1051E-27	0	31	11686.4249972	0	0
1	13	1	20	8.1051E-27	0	31	11686.4249972	0	0
1	15	1	18	8.1051E-27	0	31	11686.4249972	0	0
1	17	1	16	8.1051E-27	0	31	11686.4249972	0	0
1	19	1	14	8.1051E-27	0	31	11686.4249972	0	0
1	21	1	12	8.1051E-27	0	31	11686.4249972	0	0
1	23	1	10	8.1051E-27	0	31	11686.4249972	0	0
1	25	1	8	8.1051E-27	0	31	11686.4249972	0	0
1	27	1	6	8.1051E-27	0	31	11686.4249972	0	0
1	29	1	4	8.1051E-27	0	31	11686.4249972	0	0
1	31	1	2	8.1051E-27	0	31	11686.4249972	0	0
1	-33	1	1	5.4694E-27	0	33	11689.1587733	0	0
1	-31	1	3	5.4694E-27	0	33	11689.1587733	0	0
1	-29	1	5	5.4694E-27	0	33	11689.1587733	0	0
1	-27	1	7	5.4694E-27	0	33	11689.1587733	0	0
1	-25	1	9	5.4694E-27	0	33	11689.1587733	0	0
1	-23	1	11	5.4694E-27	0	33	11689.1587733	0	0
1	-21	1	13	5.4694E-27	0	33	11689.1587733	0	0
1	-19	1	15	5.4694E-27	0	33	11689.1587733	0	0
1	-17	1	17	5.4694E-27	0	33	11689.1587733	0	0
1	-15	1	19	5.4694E-27	0	33	11689.1587733	0	0
1	-13	1	21	5.4694E-27	0	33	11689.1587733	0	0
1	-11	1	23	5.4694E-27	0	33	11689.1587733	0	0
1	-9	1	25	5.4694E-27	0	33	11689.1587733	0	0
1	-7	1	27	5.4694E-27	0	33	11689.1587733	0	0
1	-5	1	29	5.4694E-27	0	33	11689.1587733	0	0
1	-3	1	31	5.4694E-27	0	33	11689.1587733	0	0
1	-1	1	33	5.4694E-27	0	33	11689.1587733	0	0
1	1	1	33	5.4694E-27	0	33	11689.1587733	0	0
1	3	1	31	5.4694E-27	0	33	11689.1587733	0	0
1	5	1	29	5.4694E-27	0	33	11689.1587733	0	0
1	7	1	27	5.4694E-27	0	33	11689.1587733	0	0
1	9	1	25	5.4694E-27	0	33	11689.1587733	0	0
1	11	1	23	5.4694E-27	0	33	11689.1587733	0	0
1	13	1	21	5.4694E-27	0	33	11689.1587733	0	0
1	15	1	19	5.4694E-27	0	33	11689.1587733	0	0
1	17	1	17	5.4694E-27	0	33	11689.1587733	0	0
1	19	1	15	5.4694E-27	0	33	11689.1587733	0	0
1	21	1	13	5.4694E-27	0	33	11689.1587733	0	0
1	23	1	11	5.4694E-27	0	33	11689.1587733	0	0
1	25	1	9	5.4694E-27	0	33	11689.1587733	0	0
1	27	1	7	5.4694E-27	0	33	11689.1587733	0	0
1	29	1	5	5.4694E-27	0	33	11689.1587733	0	0
1	31	1	3	5.4694E-27	0	33	11689.1587733	0	0
1	33	1	1	5.4694E-27	0	33	11689.1587733	0	0
1	-33	1	2	2.9131E-27	0	33	11693.5371233	0	0
1	-31	1	4	2.9131E-27	0	33	11693.5371233	0	0
1	-29	1	6	2.9131E-27	0	33	11693.5371233	0	0
1	-27	1	8	2.9131E-27	0	33	11693.5371233	0	0
1	-25	1	10	2.9131E-27	0	33	11693.5371233	0	0
1	-23	1	12	2.9131E-27	0	33	11693.5371233	0	0
1	-21	1	14	2.9131E-27	0	33	11693.5371233	0	0
1	-19	1	16	2.9131E-27	0	33	11693.5371233	0	0
1	-17	1	18	2.9131E-27	0	33	11693.5371233	0	0
1	-15	1	20	2.9131E-27	0	33	11693.5371233	0	0
1	-13	1	22	2.9131E-27	0	33	11693.5371233	0	0
1	-11	1	24	2.9131E-27	0	33	11693.5371233	0	0
1	-9	1	26	2.9131E-27	0	33	11693.5371233	0	0
1	-7	1	28	2.9131E-27	0	33	11693.5371233	0	0
1	-5	1	30	2.9131E-27	0	33	11693.5371233	0	0
1	-3	1	32	2.9131E-27	0	33	11693.5371233	0	0
1	-1	1	34	2.9131E-27	0	33	11693.5371233	0	0
1	1	1	34	2.9131E-27	0	33	11693.5371233	0	0
1	3	1	32	2.9131E-27	0	33	11693.5371233	0	0
1	5	1	30	2.9131E-27	0	33	11693.5371233	0	0
1	7	1	28	2.9131E-27	0	33	11693.5371233	0	0
1	9	1	26	2.9131E-27	0	33	11693.5371233	0	0
1	11	1	24	2.9131E-27	0	33	11693.5371233	0	0
1	13	1	22	2.9131E-27	0	33	11693.5371233	0	0
1	15	1	20	2.9131E-27	0	33	11693.5371233	0	0
1	17	1	18	2.9131E-27	0	33	11693.5371233	0	0
1	19	1	16	2.9131E-27	0	33	11693.5371233	0	0
1	21	1	14	2.9131E-27	0	33	11693.5371233	0	0
1	23	1	12	2.9131E-27	0	33	11693.5371233	0	0
1	25	1	10	2.9131E-27	0	33	11693.5371233	0	0
1	27	1	8	2.9131E-27	0	33	11693.5371233	0	0
1	29	1	6	2.9131E-27	0	33	11693.5371233	0	0
1	31	1	4	2.9131E-27	0	33	11693.5371233	0	0
1	33	1	2	2.9131E-27	0	33	11693.5371233	0	0
1	-35	1	1	1.9196E-27	0	35	11696.4361068	0	0
1	-33	1	3	1.9196E-27	0	35	11696.4361068	0	0
1	-31	1	5	1.9196E-27	0	35	11696.4361068	0	0
1	-29	1	7	1.9196E-27	0	35	11696.4361068	0	0
1	-27	1	9	1.9196E-27	0	35	11696.4361068	0	0
1	-25	1	11	1.9196E-27	0	35	11696.4361068	0	0
1	-23	1	13	1.9196E-27	0	35	11696.4361068	0	0
1	-21	1	15	1.9196E-27	0	35	11696.4361068	0	0
1	-19	1	17	1.9196E-27	0	35	11696.4361068	0	0
1	-17	1	19	1.9196E-27	0	35	11696.4361068	0	0
1	-15	1	21	1.9196E-27	0	35	11696.4361068	0	0
1	-13	1	23	1.9196E-27	0	35	11696.4361068	0	0
1	-11	1	25	1.9196E-27	0	35	11696.4361068	0	0
1	-9	1	27	1.9196E-27	0	35	11696.4361068	0	0
1	-7	1	29	1.9196E-27	0	35	11696.4361068	0	0
1	-5	1	31	1.9196E-27	0	35	11696.4361068	0	0
1	-3	1	33	1.9196E-27	0	35	11696.4361068	0	0
1	-1	1	35	1.9196E-27	0	35	11696.4361068	0	0
1	1	1	35	1.9196E-27	0	35	11696.4361068	0	0
1	3	1	33	1.9196E-27	0	35	11696.4361068	0	0
1	5	1	31	1.9196E-27	0	35	11696.4361068	0	0
1	7	1	29	1.9196E-27	0	35	11696.4361068	0	0
1	9	1	27	1.9196E-27	0	35	11696.4361068	0	0
1	11	1	25	1.9196E-27	0	35	11696.4361068	0	0
1	13	1	23	1.9196E-27	0	35	11696.4361068	0	0
1	15	1	21	1.9196E-27	0	35	11696.4361068	0	0
1	17	1	19	1.9196E-27	0	35	11696.4361068	0	0
1	19	1	17	1.9196E-27	0	35	11696.4361068	0	0
1	21	1	15	1.9196E-27	0	35	11696.4361068	0	0
1	23	1	13	1.9196E-27	0	35	11696.4361068	0	0
1	25	1	11	1.9196E-27	0	35	11696.4361068	0	0
1	27	1	9	1.9196E-27	0	35	11696.4361068	0	0
1	29	1	7	1.9196E-27	0	35	11696.4361068	0	0
1	31	1	5	1.9196E-27	0	35	11696.4361068	0	0
1	33	1	3	1.9196E-27	0	35	11696.4361068	0	0
1	35	1	1	1.9196E-27	0	35	11696.4361068	0	0
1	-35	1	2	9.8522E-28	0	35	11701.0720068	0	0
1	-33	1	4	9.8522E-28	0	35	11701.0720068	0	0
1	-31	1	6	9.8522E-28	0	35	11701.0720068	0	0
1	-29	1	8	9.8522E-28	0	35	11701.0720068	0	0
1	-27	1	10	9.8522E-28	0	35	11701.0720068	0	0
1	-25	1	12	9.8522E-28	0	35	11701.0720068	0	0
1	-23	1	14	9.8522E-28	0	35	11701.0720068	0	0
1	-21	1	16	9.8522E-28	0	35	11701.0720068	0	0
1	-19	1	18	9.8522E-28	0	35	11701.0720068	0	0
1	-17	1	20	9.8522E-28	0	35	11701.0720068	0	0
1	-15	1	22	9.8522E-28	0	35	11701.0720068	0	0
1	-13	1	24	9.8522E-28	0	35	11701.0720068	0	0
1	-11	1	26	9.8522E-28	0	35	11701.0720068	0	0
1	-9	1	28	9.8522E-28	0	35	11701.0720068	0	0
1	-7	1	30	9.8522E-28	0	35	11701.0720068	0	0
1	-5	1	32	9.8522E-28	0	35	11701.0720068	0	0
1	-3	1	34	9.8522E-28	0	35	11701.0720068	0	0
1	-1	1	36	9.8522E-28	0	35	11701.0720068	0	0
1	1	1	36	9.8522E-28	0	35	11701.0720068	0	0
1	3	1	34	9.8522E-28	0	35	11701.0720068	0	0
1	5	1	32	9.8522E-28	0	35	11701.0720068	0	0
1	7	1	30	9.8522E-28	0	35	11701.0720068	0	0
1	9	1	28	9.8522E-28	0	35	11701.0720068	0	0
1	11	1	26	9.8522E-28	0	35	11701.0720068	0	0
1	13	1	24	9.8522E-28	0	35	11701.0720068	0	0
1	15	1	22	9.8522E-28	0	35	11701.0720068	0	0
1	17	1	20	9.8522E-28	0	35	11701.0720068	0	0
1	19	1	18	9.8522E-28	0	35	11701.0720068	0	0
1	21	1	16	9.8522E-28	0	35	11701.0720068	0	0
1	23	1	14	9.8522E-28	0	35	11701.0720068	0	0
1	25	1	12	9.8522E-28	0	35	11701.0720068	0	0
1	27	1	10	9.8522E-28	0	35	11701.0720068	0	0
1	29	1	8	9.8522E-28	0	35	11701.0720068	0	0
1	31	1	6	9.8522E-28	0	35	11701.0720068	0	0
1	33	1	4	9.8522E-28	0	35	11701.0720068	0	0
1	35	1	2	9.8522E-28	0	35	11701.0720068	0	0
1	-37	1	1	6.3398E-28	0	37	11704.1361137	0	0
1	-35	1	3	6.3398E-28	0	37	11704.1361137	0	0
1	-33	1	5	6.3398E-28	0	37	11704.1361137	0	0
1	-31	1	7	6.3398E-28	0	37	11704.1361137	0	0
1	-29	1	9	6.3398E-28	0	37	11704.1361137	0	0
1	-27	1	11	6.3398E-28	0	37	11704.1361137	0	0
1	-25	1	13	6.3398E-28	0	37	11704.1361137	0	0
1	-23	1	15	6.3398E-28	0	37	11704.1361137	0	0
1	-21	1	17	6.3398E-28	0	37	11704.1361137	0	0
1	-19	1	19	6.3398E-28	0	37	11704.1361137	0	0
1	-17	1	21	6.3398E-28	0	37	11704.1361137	0	0
1	-15	1	23	6.3398E-28	0	37	11704.1361137	0	0
1	-13	1	25	6.3398E-28	0	37	11704.1361137	0	0
1	-11	1	27	6.3398E-28	0	37	11704.1361137	0	0
1	-9	1	29	6.3398E-28	0	37	11704.1361137	0	0
1	-7	1	31	6.3398E-28	0	37	11704.1361137	0	0
1	-5	1	33	6.3398E-28	0	37	11704.1361137	0	0
1	-3	1	35	6.3398E-28	0	37	11704.1361137	0	0
1	-1	1	37	6.3398E-28	0	37	11704.1361137	0	0
1	1	1	37	6.3398E-28	0	37	11704.1361137	0	0
1	3	1	35	6.3398E-28	0	37	11704.1361137	0	0
1	5	1	33	6.3398E-28	0	37	11704.1361137	0	0
1	7	1	31	6.3398E-28	0	37	11704.1361137	0	0
1	9	1	29	6.3398E-28	0	37	11704.1361137	0	0
1	11	1	27	6.3398E-28	0	37	11704.1361137	0	0
1	13	1	25	6.3398E-28	0	37	11704.1361137	0	0
1	15	1	23	6.3398E-28	0	37	11704.1361137	0	0
1	17	1	21	6.3398E-28	0	37	11704.1361137	0	0
1	19	1	19	6.3398E-28	0	37	11704.1361137	0	0
1	21	1	17	6.3398E-28	0	37	11704.1361137	0	0
1	23	1	15	6.3398E-28	0	37	11704.1361137	0	0
1	25	1	13	6.3398E-28	0	37	11704.1361137	0	0
1	27	1	11	6.3398E-28	0	37	11704.1361137	0	0
1	29	1	9	6.3398E-28	0	37	11704.1361137	0	0
1	31	1	7	6.3398E-28	0	37	11704.1361137	0	0
1	33	1	5	6.3398E-28	0	37	11704.1361137	0	0
1	35	1	3	6.3398E-28	0	37	11704.1361137	0	0
1	37	1	1	6.3398E-28	0	37	11704.1361137	0	0
1	-37	1	2	3.1355E-28	0	37	11709.0295637	0	0
1	-35	1	4	3.1355E-28	0	37	11709.0295637	0	0
1	-33	1	6	3.1355E-28	0	37	11709.0295637	0	0
1	-31	1	8	3.1355E-28	0	37	11709.0295637	0	0
1	-29	1	10	3.1355E-28	0	37	11709.0295637	0	0
1	-27	1	12	3.1355E-28	0	37	11709.0295637	0	0
1	-25	1	14	3.1355E-28	0	37	11709.0295637	0	0
1	-23	1	16	3.1355E-28	0	37	11709.0295637	0	0
1	-21	1	18	3.1355E-28	0	37	11709.0295637	0	0
1	-19	1	20	3.1355E-28	0	37	11709.0295637	0	0
1	-17	1	22	3.1355E-28	0	37	11709.0295637	0	0
1	-15	1	24	3.1355E-28	0	37	11709.0295637	0	0
1	-13	1	26	3.1355E-28	0	37	11709.0295637	0	0
1	-11	1	28	3.1355E-28	0	37	11709.0295637	0	0
1	-9	1	30	3.1355E-28	0	37	11709.0295637	0	0
1	-7	1	32	3.1355E-28	0	37	11709.0295637	0	0
1	-5	1	34	3.1355E-28	0	37	11709.0295637	0	0
1	-3	1	36	3.1355E-28	0	37	11709.0295637	0	0
1	-1	1	38	3.1355E-28	0	37	11709.0295637	0	0
1	1	1	38	3.1355E-28	0	37	11709.0295637	0	0
1	3	1	36	3.1355E-28	0	37	11709.0295637	0	0
1	5	1	34	3.1355E-28	0	37	11709.0295637	0	0
1	7	1	32	3.1355E-28	0	37	11709.0295637	0	0
1	9	1	30	3.1355E-28	0	37	11709.0295637	0	0
1	11	1	28	3.1355E-28	0	37	11709.0295637	0	0
1	13	1	26	3.1355E-28	0	37	11709.0295637	0	0
1	15	1	24	3.1355E-28	0	37	11709.0295637	0	0
1	17	1	22	3.1355E-28	0	37	11709.0295637	0	0
1	19	1	20	3.1355E-28	0	37	11709.0295637	0	0
1	21	1	18	3.1355E-28	0	37	11709.0295637	0	0
1	23	1	16	3.1355E-28	0	37	11709.0295637	0	0
1	25	1	14	3.1355E-28	0	37	11709.0295637	0	0
1	27	1	12	3.1355E-28	0	37	11709.0295637	0	0
1	29	1	10	3.1355E-28	0	37	11709.0295637	0	0
1	31	1	8	3.1355E-28	0	37	11709.0295637	0	0
1	33	1	6	3.1355E-28	0	37	11709.0295637	0	0
1	35	1	4	3.1355E-28	0	37	11709.0295637	0	0
1	37	1	2	3.1355E-28	0	37	11709.0295637	0	0
1	-39	1	1	1.9703E-28	0	39	11712.2587052	0	0
1	-37	1	3	1.9703E-28	0	39	11712.2587052	0	0
1	-35	1	5	1.9703E-28	0	39	11712.2587052	0	0
1	-33	1	7	1.9703E-28	0	39	11712.2587052	0	0
1	-31	1	9	1.9703E-28	0	39	11712.2587052	0	0
1	-29	1	11	1.9703E-28	0	39	11712.2587052	0	0
1	-27	1	13	1.9703E-28	0	39	11712.2587052	0	0
1	-25	1	15	1.9703E-28	0	39	11712.2587052	0	0
1	-23	1	17	1.9703E-28	0	39	11712.2587052	0	0
1	-21	1	19	1.9703E-28	0	39	11712.2587052	0	0
1	-19	1	21	1.9703E-28	0	39	11712.2587052	0	0
1	-17	1	23	1.9703E-28	0	39	11712.2587052	0	0
1	-15	1	25	1.9703E-28	0	39	11712.2587052	0	0
1	-13	1	27	1.9703E-28	0	39	11712.2587052	0	0
1	-11	1	29	1.9703E-28	0	39	11712.2587052	0	0
1	-9	1	31	1.9703E-28	0	39	11712.2587052	0	0
1	-7	1	33	1.9703E-28	0	39	11712.2587052	0	0
1	-5	1	35	1.9703E-28	0	39	11712.2587052	0	0
1	-3	1	37	1.9703E-28	0	39	11712.2587052	0	0
1	-1	1	39	1.9703E-28	0	39	11712.2587052	0	0
1	1	1	39	1.9703E-28	0	39	11712.2587052	0	0
1	3	1	37	1.9703E-28	0	39	11712.2587052	0	0
1	5	1	35	1.9703E-28	0	39	11712.2587052	0	0
1	7	1	33	1.9703E-28	0	39	11712.2587052	0	0
1	9	1	31	1.9703E-28	0	39	11712.2587052	0	0
1	11	1	29	1.9703E-28	0	39	11712.2587052	0	0
1	13	1	27	1.9703E-28	0	39	11712.2587052	0	0
1	15	1	25	1.9703E-28	0	39	11712.2587052	0	0
1	17	1	23	1.9703E-28	0	39	11712.2587052	0	0
1	19	1	21	1.9703E-28	0	39	11712.2587052	0	0
1	21	1	19	1.9703E-28	0	39	11712.2587052	0	0
1	23	1	17	1.9703E-28	0	39	11712.2587052	0	0
1	25	1	15	1.9703E-28	0	39	11712.2587052	0	0
1	27	1	13	1.9703E-28	0	39	11712.2587052	0	0
1	29	1	11	1.9703E-28	0	39	11712.2587052	0	0
1	31	1	9	1.9703E-28	0	39	11712.2587052	0	0
1	33	1	7	1.9703E-28	0	39	11712.2587052	0	0
1	35	1	5	1.9703E-28	0	39	11712.2587052	0	0
1	37	1	3	1.9703E-28	0	39	11712.2587052	0	0
1	39	1	1	1.9703E-28	0	39	11712.2587052	0	0
1	-39	1	2	9.3901E-29	0	39	11717.4097052	0	0
1	-37	1	4	9.3901E-29	0	39	11717.4097052	0	0
1	-35	1	6	9.3901E-29	0	39	11717.4097052	0	0
1	-33	1	8	9.3901E-29	0	39	11717.4097052	0	0
1	-31	1	10	9.3901E-29	0	39	11717.4097052	0	0
1	-29	1	12	9.3901E-29	0	39	11717.4097052	0	0
1	-27	1	14	9.3901E-29	0	39	11717.4097052	0	0
1	-25	1	16	9.3901E-29	0	39	11717.4097052	0	0
1	-23	1	18	9.3901E-29	0	39	11717.4097052	0	0
1	-21	1	20	9.3901E-29	0	39	11717.4097052	0	0
1	-19	1	22	9.3901E-29	0	39	11717.4097052	0	0
1	-17	1	24	9.3901E-29	0	39	11717.4097052	0	0
1	-15	1	26	9.3901E-29	0	39	11717.4097052	0	0
1	-13	1	28	9.3901E-29	0	39	11717.4097052	0	0
1	-11	1	30	9.3901E-29	0	39	11717.4097052	0	0
1	-9	1	32	9.3901E-29	0	39	11717.4097052	0	0
1	-7	1	34	9.3901E-29	0	39	11717.4097052	0	0
1	-5	1	36	9.3901E-29	0	39	11717.4097052	0	0
1	-3	1	38	9.3901E-29	0	39	11717.4097052	0	0
1	-1	1	40	9.3901E-29	0	39	11717.4097052	0	0
1	1	1	40	9.3901E-29	0	39	11717.4097052	0	0
1	3	1	38	9.3901E-29	0	39	11717.4097052	0	0
1	5	1	36	9.3901E-29	0	39	11717.4097052	0	0
1	7	1	34	9.3901E-29	0	39	11717.4097052	0	0
1	9	1	32	9.3901E-29	0	39	11717.4097052	0	0
1	11	1	30	9.3901E-29	0	39	11717.4097052	0	0
1	13	1	28	9.3901E-29	0	39	11717.4097052	0	0
1	15	1	26	9.3901E-29	0	39	11717.4097052	0	0
1	17	1	24	9.3901E-29	0	39	11717.4097052	0	0
1	19	1	22	9.3901E-29	0	39	11717.4097052	0	0
1	21	1	20	9.3901E-29	0	39	11717.4097052	0	0
1	23	1	18	9.3901E-29	0	39	11717.4097052	0	0
1	25	1	16	9.3901E-29	0	39	11717.4097052	0	0
1	27	1	14	9.3901E-29	0	39	11717.4097052	0	0
1	29	1	12	9.3901E-29	0	39	11717.4097052	0	0
1	31	1	10	9.3901E-29	0	39	11717.4097052	0	0
1	33	1	8	9.3901E-29	0	39	11717.4097052	0	0
1	35	1	6	9.3901E-29	0	39	11717.4097052	0	0
1	37	1	4	9.3901E-29	0	39	11717.4097052	0	0
1	39	1	2	9.3901E-29	0	39	11717.4097052	0	0