0  -0.0415 -0.0017674849 -0.00091792876   9.5693384 0.00058286282 -0.00059202772  9.5693384 0.079559267 0
0  -0.04147 0.00078064361 0.0011585591   9.5779516 -0.00082606402 -0.00012794881  9.5779517 0.08056243 1
0  -0.04144 0.00058565793 -0.00069681767   9.5865648 -4.0035449e-06 0.0023657459  9.5865651 0.081249392 2
0  -0.04141 -0.0018979538 -0.00015962828   9.5951781 -0.0023514194 -0.00028748178  9.5951784 0.080466759 3
0  -0.04138 -0.00070861821 0.00025253304   9.6037913 -1.5060586e-05 0.0012303382  9.6037914 0.081886687 4
0  -0.04135 -0.00014936531 0.0013829414   9.6124045 -0.00093004894 -0.0020111003  9.6124048 0.081633582 5
0  -0.04132 -0.00098144463 -0.00023048352   9.6210178 0.001920671 0.0013704741  9.6210181 0.082255049 6
0  -0.04129 -0.001288492 -0.0016021311   9.629631 1.0080576e-05 -0.0013710595  9.6296311 0.081301363 7
0  -0.04126 -0.0017476646 0.0013358645   9.6382442 -0.0017820552 -0.000160474  9.6382444 0.081337177 8
0  -0.04123 -0.0004203349 3.1520259e-06   9.6468575 4.652992e-05 -0.0012530412  9.6468576 0.08340504 9
0  -0.0412 -0.00061025114 -0.0020099309   9.6554707 0.0014341103 -0.00010317156  9.6554708 0.082034657 10
0  -0.04117 0.00058084492 0.00048616398   9.6640839 0.00074983686 0.00093061113  9.664084 0.083802545 11
0  -0.04114 -0.00080910739 0.00098779185   9.6726972 0.0013040454 -0.00055014869  9.6726973 0.083661602 12
0  -0.04111 0.00086616347 0.0012143106   9.6813104 3.808095e-05 0.0012347284  9.6813105 0.083704037 13
0  -0.04108 -0.00026842584 9.3167501e-05   9.6899236 0.0019066905 -3.0104722e-05  9.6899238 0.084842527 14
0  -0.04105 0.00098259265 0.0011204485   9.6985369 0.0009936166 -0.00061224643  9.6985369 0.084262494 15
0  -0.04102 -7.028774e-05 -0.00022189902   9.7071501 0.0001131897 0.00035114967  9.7071501 0.085421751 16
0  -0.04099 -0.00068013121 0.0013118239   9.7157633 -0.00016023652 -0.001954587  9.7157635 0.084839318 17
0  -0.04096 0.00083327135 -0.00046214418   9.7243766 0.00044787293 0.00031953461  9.7243766 0.085642547 18
0  -0.04093 0.00094631555 -0.0020233725   9.7329898 0.00074739822 0.00033959731  9.7329898 0.084275776 19
0  -0.0409 -0.00088013195 -0.00075632161   9.741603 -0.00096981114 -0.00014163422  9.7416031 0.086035525 20
0  -0.04087 0.00015521354 -0.00099801512   9.7502163 5.8971964e-05 0.00083732469  9.7502163 0.086459582 21
0  -0.04084 7.6907792e-06 -0.00071371623   9.7588295 0.0009742236 -0.00043643998  9.7588296 0.08696431 22
0  -0.04081 0.0012125557 -0.00064567596   9.7674427 -0.00041522768 0.00064441103  9.7674428 0.086677787 23
0  -0.04078 -0.0001258097 -0.00024328905   9.776056 -0.0011161136 0.00073891531  9.7760561 0.087736353 24
0  -0.04075 0.00068260836 -8.3135057e-05   9.7846692 -0.00033578091 -0.0010015866  9.7846692 0.087861548 25
0  -0.04072 0.0016233177 0.0016437836   9.7932824 0.00032750712 -0.00048920519  9.7932824 0.086113247 26
0  -0.04069 -0.00058437222 0.0012017057   9.8018957 -0.00035916406 -0.00098181672  9.8018957 0.08789199 27
0  -0.04066 -8.6689972e-05 0.00060456966   9.8105089 0.0018348262 0.00044739505  9.8105091 0.088798422 28
0  -0.04063 6.2904166e-05 -0.00027998358   9.8191221 0.0015017467 -0.00018682891  9.8191222 0.08922668 29
0  -0.0406 0.0014794392 -0.00011566519   9.8277354 0.0014220874 0.00018401446  9.8277355 0.088604127 30
0  -0.04057 0.00067805858 -0.0018103821   9.8363486 -0.0021796474 0.00049042257  9.8363488 0.088241689 31
0  -0.04054 0.00045780311 0.00021297192   9.8449618 -0.00016863983 0.00097736753  9.8449619 0.090061465 32
0  -0.04051 -0.00055921205 -0.00012713904   9.8535751 0.00027792894 -0.00020690792  9.8535751 0.090334558 33
0  -0.04048 -0.0010248792 -0.00049479306   9.8621883 0.00038274566 -0.0011874095  9.8621884 0.090209786 34
0  -0.04045 0.00041616622 0.0007124575   9.8708015 -0.00055706164 0.00056209046  9.8708015 0.09079186 35
0  -0.04042 -0.0010244511 -0.0012168184   9.8794147 -0.00091729521 0.00045926344  9.8794148 0.090272403 36
0  -0.04039 -0.00082119384 0.0010443784   9.888028 -0.00055028192 0.0015168712  9.8880281 0.090921376 37
0  -0.04036 -3.7823833e-05 -0.00049530455   9.8966412 0.00061150679 -0.00024849393  9.8966412 0.091922797 38
0  -0.04033 0.0010425806 -0.00012052039   9.9052544 -0.00025346392 -0.0020712148  9.9052547 0.091844052 39
0  -0.0403 -0.00091394608 -0.00026915673   9.9138677 -0.0016685241 0.0012307156  9.9138679 0.092246973 40
0  -0.04027 0.0010249776 0.0016798926   9.9224809 -0.00063872871 0.00023698545  9.9224809 0.09120874 41
0  -0.04024 -0.00043031906 0.00086963892   9.9310941 0.0011468775 -0.00076148205  9.9310942 0.092863769 42
0  -0.04021 0.00042688745 -0.00023035089   9.9397074 0.00028845617 -0.00057549698  9.9397074 0.093514138 43
0  -0.04018 -0.00053196595 0.001757347   9.9483206 -0.00022203275 -0.00028922939  9.9483206 0.092372155 44
0  -0.04015 -0.0014690157 -0.0011163565   9.9569338 -0.0012957404 0.00079323516  9.956934 0.092672012 45
0  -0.04012 -0.00012031933 -0.0009466515   9.9655471 -5.3745754e-05 0.00029745421  9.9655471 0.094159919 46
0  -0.04009 0.00076310328 0.00066446173   9.9741603 0.0006155529 -0.00020026468  9.9741603 0.094429794 47
0  -0.04006 -0.0010185666 0.0018496196   9.9827735 -0.00055088208 0.00027099533  9.9827736 0.093132955 48
0  -0.04003 -0.0019090145 0.0009186811   9.9913868 -0.00030351273 1.7769161e-05  9.9913868 0.093437063 49
0  -0.04 -0.0011203551 -0.00064840055   10 0.00077225004 2.4118293e-05  10 0.095094299 50
0  -0.03997 -0.00060824007 0.00081746969   10.008613 0.0013158001 0.00014084544  10.008613 0.095732022 51
0  -0.03994 0.00022733884 0.00084257686   10.017226 0.00086183499 -0.00094764841  10.017227 0.096198834 52
0  -0.03991 0.0002778691 -0.0001342445   10.02584 0.0011104595 0.0010177961  10.02584 0.096863243 53
0  -0.03988 0.0031265274 -0.0004114181   10.034453 0.0010433207 0.00011851585  10.034453 0.092486605 54
0  -0.03985 -0.00023893959 -0.00086148665   10.043066 -0.0031315446 0.0010584786  10.043067 0.097183788 55
0  -0.03982 -0.00057985392 0.00028503374   10.051679 0.00064110235 -0.0011783219  10.051679 0.097713603 56
0  -0.03979 -0.00054898453 0.00058867166   10.060293 -0.00049807583 0.0013458172  10.060293 0.097936769 57
0  -0.03976 -0.00012568481 -9.0681283e-05   10.068906 -0.00036664684 0.00099586793  10.068906 0.098596742 58
0  -0.03973 0.00025521477 0.00058594343   10.077519 -0.00094832425 -0.00038786586  10.077519 0.098742813 59
0  -0.0397 0.00086306477 -0.00055598272   10.086132 0.0012803542 0.0010926477  10.086132 0.098755695 60
0  -0.03967 0.00057052643 -0.0016620245   10.094746 -0.00026061389 -0.00013841918  10.094746 0.098064762 61
0  -0.03964 0.00092548372 -0.00063922317   10.103359 0.002697579 0.00095510691  10.103359 0.099336899 62
0  -0.03961 0.00047704456 0.00024682131   10.111972 -0.0017254583 -6.3845259e-05  10.111972 0.10019353 63
0  -0.03958 -0.0012961979 0.0015444342   10.120585 -0.00053977359 -0.0014886094  10.120585 0.098592087 64
0  -0.03955 6.8969532e-05 0.00084266443   10.129198 0.00036264845 -0.0016700513  10.129199 0.10067169 65
0  -0.03952 0.00066853192 -0.0010322745   10.137812 -0.00024401478 -0.0012990477  10.137812 0.1006035 66
0  -0.03949 -0.0011828847 -0.00069569889   10.146425 0.00098464674 0.0020895545  10.146425 0.1007604 67
0  -0.03946 -0.00055858415 -0.0022263743   10.155038 -0.00066157447 0.0010079117  10.155038 0.099349822 68
0  -0.03943 0.0011707165 -0.0015403158   10.163651 -0.00096712995 -0.00073632387  10.163651 0.10048715 69
0  -0.0394 -0.00023710737 0.0006759426   10.172265 -0.00032381498 0.0010916429  10.172265 0.10256272 70
0  -0.03937 -0.00013739396 0.0013160097   10.180878 0.00013056553 0.0018417427  10.180878 0.10225309 71
0  -0.03934 -0.0010206339 -0.00087934193   10.189491 -0.00012793536 0.00017101504  10.189491 0.10257808 72
0  -0.03931 -0.0018939292 -0.0010431089   10.198104 -0.0015707271 -0.0013921549  10.198105 0.10140465 73
0  -0.03928 -0.0010487341 -0.00016865522   10.206718 0.0012564734 -0.00023195643  10.206718 0.10367901 74
0  -0.03925 -0.0010097688 -0.0002151924   10.215331 -0.0014799045 0.0010771541  10.215331 0.10408003 75
0  -0.03922 5.8790885e-06 0.001069637   10.223944 -0.00049238205 -0.00067806543  10.223944 0.10440473 76
0  -0.03919 -0.000595645 0.00045135548   10.232557 -0.0017725104 0.00082763586  10.232557 0.10510365 77
0  -0.03916 0.00084524578 -0.0016091209   10.241171 -0.0016060417 0.00063548145  10.241171 0.1039439 78
0  -0.03913 8.1533049e-05 0.00047743248   10.249784 0.00017064892 -0.00037251844  10.249784 0.10603695 79
0  -0.0391 -0.00077206118 -0.00079548519   10.258397 0.00024054597 -0.001895976  10.258397 0.10584549 80
0  -0.03907 0.00020243696 -0.00076869563   10.26701 0.00097770828 0.00028581724  10.26701 0.10656424 81
0  -0.03904 -0.00030763615 -0.00034499099   10.275623 -0.00041811889 -0.0016343803  10.275624 0.10718702 82
0  -0.03901 -0.0014738552 0.0010073629   10.284237 -0.00016882436 -0.00045641985  10.284237 0.10585956 83
0  -0.03898 -0.0013384463 -0.0020127514   10.29285 0.00022808486 -0.00033406831  10.29285 0.10474139 84
0  -0.03895 -0.00014414579 0.0002090265   10.301463 0.00058428656 0.00012546939  10.301463 0.10842926 85
0  -0.03892 -8.4035852e-05 -0.001004979   10.310076 0.00078412748 -0.0013036831  10.310076 0.10825302 86
0  -0.03889 -0.00021139796 0.0010926426   10.31869 0.00033805559 0.00050429391  10.31869 0.1085093 87
0  -0.03886 0.00093467617 -0.0016323099   10.327303 -0.00099810834 -0.00011711773  10.327303 0.10754935 88
0  -0.03883 0.00029313041 -0.00022538282   10.335916 -0.0006702328 -0.00097568839  10.335916 0.10995023 89
0  -0.0388 -0.0004140017 -3.9523866e-05   10.344529 -0.0012225239 0.00031646145  10.344529 0.11032358 90
0  -0.03877 -0.0015289237 -0.002276717   10.353143 8.6267648e-05 0.00021039934  10.353143 0.10639793 91
0  -0.03874 0.00067969999 0.001133826   10.361756 0.00089420213 -8.3812857e-05  10.361756 0.11016072 92
0  -0.03871 -0.0010970728 -0.00031035954   10.370369 0.00067831874 0.00022077626  10.370369 0.1108284 93
0  -0.03868 -0.0015214433 -3.2946813e-05   10.378982 0.00076981771 -0.0016354791  10.378982 0.11060826 94
0  -0.03865 0.00095470246 -0.0019517262   10.387595 0.00064886329 -0.0010818155  10.387596 0.10955775 95
0  -0.03862 -0.0020837533 0.0010000903   10.396209 -0.00049765632 0.00030548273  10.396209 0.10957811 96
0  -0.03859 -0.00043822169 -0.00042110606   10.404822 0.000174371 3.4723272e-06  10.404822 0.1130179 97
0  -0.03856 -0.0014435845 -0.00016270662   10.413435 -0.00063933827 -0.00034267127  10.413435 0.11233578 98
0  -0.03853 -0.0016951552 0.00056152352   10.422048 -0.0012592246 -0.00035644501  10.422048 0.11207204 99
0.000101  -0.040533767 -0.0017674544 -0.00091805327   9.5638656 6.1468328e-06 -0.0018820329  9.5638658 0.088501712 0
0.000101  -0.0405029 0.00078057281 0.0011585149   9.5724133 -0.00056867082 -0.00073640819  9.5724134 0.089687044 1
0.000101  -0.040472032 0.00058566707 -0.0006966401   9.580979 0.00019041961 0.0011439839  9.5809791 0.090499505 2
0.000101  -0.040441161 -0.0018982222 -0.00015970993   9.589626 -0.0029812895 -0.0013309363  9.5896265 0.089573533 3
0.000101  -0.040410295 -0.0007086314 0.00025261145   9.5981507 -0.00025279519 0.00032460447  9.5981507 0.091253529 4
0.000101  -0.040379425 -0.00014946171 0.0013827112   9.6067678 -0.00098037487 -0.0025358066  9.6067682 0.090954145 5
0.000101  -0.040348557 -0.00098126697 -0.00023039895   9.6153367 0.0015879188 0.00030186889  9.6153368 0.091689719 6
0.000101  -0.040317685 -0.0012885124 -0.0016023462   9.6239933 -0.00042588795 -0.0029036514  9.6239938 0.090560647 7
0.000101  -0.040286816 -0.0017478737 0.0013358206   9.6325949 -0.0023754249 -0.00069742368  9.6325952 0.090603155 8
0.000101  -0.040255952 -0.0004203373 2.9755022e-06   9.6410828 -9.8130688e-05 -0.0022424565  9.641083 0.093052028 9
0.000101  -0.040225079 -0.00061011658 -0.0020100252   9.6497622 0.0012244576 -0.00178425  9.6497624 0.091428602 10
0.000101  -0.040194214 0.00058093057 0.00048621626   9.6582665 0.00095212372 0.00010945189  9.6582665 0.093523007 11
0.000101  -0.040163345 -0.00080898956 0.00098770322   9.666877 0.001021029 -0.0011950893  9.6668771 0.093355961 12
0.000101  -0.040132475 0.00086618224 0.0012144063   9.6754775 0.00034233335 0.00067081626  9.6754776 0.09340592 13
0.000101  -0.040101609 -0.00026823791 9.3116056e-05   9.6840175 0.0018119238 -0.00098767848  9.6840177 0.094756853 14
0.000101  -0.040070738 0.00098271012 0.0011203562   9.692652 0.0013424939 -0.0012049323  9.6926522 0.09406819 15
0.000101  -0.040039872 -7.0277538e-05 -0.00022191746   9.7011907 8.8110027e-05 -0.00071850504  9.7011907 0.095444298 16
0.000101  -0.040009001 -0.00068015937 0.0013115995   9.7098252 -0.00040433043 -0.0024743036  9.7098256 0.094752728 17
0.000101  -0.039978133 0.00083333136 -0.00046217012   9.7183831 0.0007491461 -0.00083802306  9.7183832 0.095706031 18
0.000101  -0.03994726 0.00094640774 -0.0020234239   9.7270629 0.0010878995 -0.0013788899  9.7270631 0.094083846 19
0.000101  -0.039916396 -0.00088024567 -0.00075639948   9.735566 -0.0012913279 -0.0014083873  9.7355662 0.096172505 20
0.000101  -0.039885527 0.00015522229 -0.00099799855   9.7441448 0.00011599621 -0.00051979308  9.7441448 0.096676522 21
0.000101  -0.039854659 7.7893157e-06 -0.00071382326   9.7527191 0.0009770829 -0.0016905389  9.7527193 0.097276445 22
0.000101  -0.039823789 0.0012125358 -0.00064567264   9.7613371 3.4452705e-05 -0.00058551005  9.7613371 0.096935615 23
0.000101  -0.039792923 -0.00012592473 -0.00024326888   9.7698806 -0.0011630139 -0.00034220175  9.7698807 0.098194756 24
0.000101  -0.039762054 0.00068258701 -8.3287767e-05   9.7784754 -7.9575755e-05 -0.0020232884  9.7784756 0.09834345 25
0.000101  -0.039731179 0.0016233805 0.0016437142   9.7871767 0.00093317408 -0.00086639638  9.7871767 0.096264817 26
0.000101  -0.039700315 -0.00058441936 0.0012015789   9.7956775 -0.00058065026 -0.0015168636  9.7956777 0.098379341 27
0.000101  -0.039669448 -8.6506274e-05 0.00060457613   9.804229 0.0018018003 -0.00031250063  9.8042291 0.099458372 28
0.000101  -0.03963858 6.3057024e-05 -0.00028005772   9.812807 0.001525858 -0.0012844966  9.8128072 0.09996842 29
0.000101  -0.039607709 0.0014796107 -0.00011569881   9.8214433 0.001991446 -0.00085097145  9.8214435 0.0992262 30
0.000101  -0.039576838 0.00067785124 -0.0018104167   9.8300659 -0.0019184598 -0.0011975201  9.8300662 0.09879508 31
0.000101  -0.039545974 0.00045779482 0.00021302469   9.8385652 9.6998681e-06 6.9874853e-05  9.8385652 0.10096273 32
0.000101  -0.039515105 -0.00055919472 -0.00012721239   9.8471514 5.8846295e-05 -0.0012472012  9.8471515 0.10128814 33
0.000101  -0.039484236 -0.0010248603 -0.00049497256   9.8557596 -2.0977494e-05 -0.0023728263  9.8557599 0.10113889 34
0.000101  -0.039453368 0.00041611804 0.00071247809   9.8643285 -0.00039217139 -0.0001460723  9.8643285 0.10183307 35
0.000101  -0.039422497 -0.0010245637 -0.0012168458   9.8729591 -0.0013242023 -0.0010144976  9.8729592 0.10121309 36
0.000101  -0.03939163 -0.00082126552 0.001044502   9.8815237 -0.00087881315 0.00094422918  9.8815238 0.10198684 37
0.000101  -0.039360763 -3.7762816e-05 -0.00049538944   9.890069 0.00059629858 -0.0014382975  9.8900691 0.10318227 38
0.000101  -0.039329893 0.0010425757 -0.00012078199   9.8986742 0.00016861413 -0.0031105291  9.8986747 0.10308781 39
0.000101  -0.039299025 -0.00091413283 -0.00026908781   9.9072527 -0.0020406398 0.00013068542  9.9072529 0.10356861 40
0.000101  -0.039268153 0.0010249335 0.0016799   9.915913 -0.00022212044 -7.0663729e-05  9.915913 0.10232936 41
0.000101  -0.039237288 -0.00043021191 0.00086952952   9.9244199 0.00096980282 -0.0013940744  9.92442 0.10430529 42
0.000101  -0.039206421 0.00042692523 -0.0002304637   9.9329844 0.0004649722 -0.0016612339  9.9329845 0.10508239 43
0.000101  -0.039175548 -0.00053199915 0.0017573034   9.9416498 -0.00044215419 -0.00055256009  9.9416499 0.10371753 44
0.000101  -0.03914468 -0.0014691765 -0.0011163492   9.9502337 -0.0019068638 -0.00066161941  9.9502339 0.10407517 45
0.000101  -0.039113814 -0.00012032724 -0.00094669099   9.9587498 -0.00010435554 -0.001091198  9.9587498 0.10585364 46
0.000101  -0.039082946 0.00076318126 0.00066440525   9.9673351 0.00093826772 -0.00090976039  9.9673352 0.1061762 47
0.000101  -0.039052073 -0.0010186433 0.0018496351   9.9760103 -0.00098010392 5.9926186e-05  9.9760103 0.10462561 48
0.000101  -0.039021204 -0.0019090848 0.00091865194   9.9845936 -0.0011122527 -0.00058352019  9.9845937 0.10498884 49
0.000101  -0.03899034 -0.0011203007 -0.00064846177   9.9930988 0.00029116064 -0.0012447986  9.9930989 0.10697055 50
0.000101  -0.038959472 -0.00060812005 0.0008174512   10.001663 0.0010529448 -0.00049631549  10.001663 0.10773391 51
0.000101  -0.038928604 0.00022743073 0.00084244906   10.010237 0.00096066653 -0.0015719259  10.010237 0.1082928 52
0.000101  -0.038897737 0.0002779872 -0.00013419459   10.0188 0.0012317014 -3.1222416e-05  10.0188 0.1090888 53
0.000101  -0.038866855 0.0031266981 -0.00041146474   10.027655 0.0023766652 -0.0010474117  10.027656 0.10385363 54
0.000101  -0.038835999 -0.00023926104 -0.0008614484   10.035981 -0.0032371886 -0.00031261212  10.035982 0.1094721 55
0.000101  -0.038805131 -0.00057980178 0.0002848709   10.044551 0.00038357096 -0.0020422287  10.044551 0.11010735 56
0.000101  -0.038774263 -0.00054904684 0.00058877044   10.053138 -0.00074332147 0.0006183315  10.053138 0.11037441 57
0.000101  -0.038743395 -0.0001257246 -9.0632707e-05   10.061701 -0.00042293909 -3.5196879e-05  10.061701 0.11116636 58
0.000101  -0.038712526 0.00025512463 0.00058586719   10.070292 -0.00083311247 -0.0011137905  10.070292 0.11134118 59
0.000101  -0.038681657 0.00086321327 -0.00055593474   10.078891 0.0016722422 -0.00015023918  10.078891 0.11135591 60
0.000101  -0.038650786 0.00057051279 -0.0016621255   10.08753 -1.3959738e-06 -0.0018840586  10.08753 0.1105266 61
0.000101  -0.03861992 0.00092577696 -0.00063919108   10.096056 0.0031223632 -0.00032870003  10.096057 0.11205273 62
0.000101  -0.038589053 0.00047688106 0.00024677042   10.104607 -0.0015053903 -0.00094044259  10.104608 0.11308198 63
0.000101  -0.038558179 -0.0012962816 0.0015442686   10.113299 -0.0011365993 -0.0017680157  10.113299 0.11115898 64
0.000101  -0.038527316 6.9007735e-05 0.00084246499   10.121778 0.00039485077 -0.002267234  10.121779 0.11365577 65
0.000101  -0.038496447 0.00066852262 -0.0010324794   10.130381 6.9466185e-05 -0.0027736117  10.130382 0.11357286 66
0.000101  -0.038465578 -0.0011828126 -0.0006955539   10.138971 0.00042737766 0.0007713608  10.138971 0.11376157 67
0.000101  -0.038434704 -0.00055866379 -0.0022263736   10.147653 -0.00092336692 -0.0010259173  10.147653 0.11206747 68
0.000101  -0.038403838 0.0011706459 -0.0015404759   10.156186 -0.00041252537 -0.0024565486  10.156186 0.11343246 69
0.000101  -0.038372975 -0.00023714564 0.00067601871   10.164665 -0.00043758194 0.00042549246  10.164665 0.11592794 70
0.000101  -0.038342105 -0.00013738401 0.0013161767   10.173281 6.4376322e-05 0.0014853247  10.173281 0.11555457 71
0.000101  -0.038311237 -0.001020671 -0.00087939552   10.181861 -0.00062229785 -0.0012453831  10.181861 0.11594543 72
0.000101  -0.038280364 -0.0018941325 -0.0010433242   10.190529 -0.0024850051 -0.0028862001  10.19053 0.11453372 73
0.000101  -0.038249501 -0.0010486324 -0.00016873272   10.198995 0.00074222799 -0.0013051476  10.198995 0.11727029 74
0.000101  -0.038218633 -0.0010099426 -0.00021513882   10.207571 -0.0019778964 -1.9417735e-05  10.207571 0.11775258 75
0.000101  -0.038187765 5.8295001e-06 0.0010695444   10.21615 -0.00048947979 -0.0011382148  10.21615 0.11814371 76
0.000101  -0.038156898 -0.00059583856 0.00045140007   10.224709 -0.0020696227 6.2281693e-05  10.224709 0.11898547 77
0.000101  -0.038126025 0.00084510418 -0.001609146   10.233374 -0.0011846891 -0.001157204  10.233374 0.11758805 78
0.000101  -0.038095162 8.1552294e-05 0.0004773566   10.241851 0.0002117401 -0.0011224176  10.241851 0.12011047 79
0.000101  -0.038064292 -0.00077205603 -0.00079574642   10.25046 -0.00015077375 -0.0032897053  10.25046 0.11987845 80
0.000101  -0.038033425 0.00020254076 -0.00076873595   10.259017 0.0010809628 -0.0010966362  10.259017 0.12074543 81
0.000101  -0.038002558 -0.00030768609 -0.00034521473   10.267579 -0.00057574292 -0.0028016556  10.267579 0.12149677 82
0.000101  -0.037971685 -0.0014739092 0.0010072921   10.276253 -0.00092448878 -0.00093042787  10.276253 0.11989481 83
0.000101  -0.037940812 -0.0013384567 -0.0020128854   10.284918 -0.00045538556 -0.0023523676  10.284918 0.11854744 84
0.000101  -0.037909953 -0.00014409045 0.00020899447   10.2933 0.00050930544 -0.0007562545  10.2933 0.12299586 85
0.000101  -0.037879084 -8.3958809e-05 -0.0010051864   10.301907 0.0007400995 -0.0028209832  10.301907 0.12278174 86
0.000101  -0.037848215 -0.00021136927 0.0010926717   10.310489 0.00022667332 8.9571088e-05  10.310489 0.12309112 87
0.000101  -0.037817344 0.00093459943 -0.0016324138   10.319143 -0.00050603731 -0.001966998  10.319143 0.12193183 88
0.000101  -0.037786481 0.00029307035 -0.00022553725   10.327601 -0.00051418383 -0.002086194  10.327602 0.12483223 89
0.000101  -0.037755613 -0.00041413602 -3.9542957e-05   10.336177 -0.0014442688 -0.00069517699  10.336177 0.12528319 90
0.000101  -0.037724733 -0.0015289545 -0.0022768045   10.345005 -0.0007198553 -0.0019804752  10.345006 0.12054355 91
0.000101  -0.037693874 0.00067980829 0.0011337976   10.353379 0.0012620941 -0.00046064787  10.353379 0.12508497 92
0.000101  -0.037663007 -0.0010970335 -0.00031039552   10.361937 8.0694931e-05 -0.00093877058  10.361937 0.1258922 93
0.000101  -0.037632137 -0.0015214062 -3.3162897e-05   10.370547 -6.1553043e-05 -0.0026440107  10.370547 0.12562562 94
0.000101  -0.037601265 0.00095479344 -0.0019519375   10.379206 0.0011692107 -0.0031360511  10.379207 0.12435539 95
0.000101  -0.037570396 -0.0020838593 0.0010000978   10.387802 -0.0016369762 -0.00013818391  10.387802 0.12438044 96
0.000101  -0.037539537 -0.00043821602 -0.0004211672   10.396197 -6.9842719e-05 -0.0012216893  10.396197 0.12854115 97
0.000101  -0.037508666 -0.0014436885 -0.0001627957   10.404832 -0.0014464487 -0.0014241301  10.404833 0.1277142 98
0.000101  -0.037477796 -0.0016953288 0.00056145288   10.413444 -0.0022091161 -0.0010322956  10.413445 0.12739475 99
0.000201  -0.039577684 -0.0017674866 -0.00091830757   9.557635 -0.00066960538 -0.0032137415  9.5576356 0.098668296 0
0.000201  -0.039545967 0.0007805306 0.001158414   9.5661045 -0.00026691104 -0.0012692101  9.5661046 0.10007072 1
0.000201  -0.039514245 0.00058569719 -0.00069658792   9.5746133 0.00041847704 -0.00010793039  9.5746134 0.1010325 2
0.000201  -0.039482507 -0.0018985562 -0.00015989508   9.5833002 -0.003720046 -0.0023737859  9.5833012 0.099935333 3
0.000201  -0.039450794 -0.00070867024 0.00025259971   9.5917193 -0.00053180846 -0.00055660043  9.5917193 0.10192549 4
0.000201  -0.039419062 -0.00014956262 0.0013824351   9.6003407 -0.001039479 -0.0029699258  9.6003412 0.10157078 5
0.000201  -0.03938734 -0.00098112716 -0.00023042226   9.6088566 0.001197289 -0.00077052323  9.6088567 0.10244218 6
0.000201  -0.0393556 -0.0012885798 -0.0016027165   9.6175647 -0.00093761764 -0.0045207397  9.6175658 0.10110341 7
0.000201  -0.039323871 -0.0017481451 0.0013357277   9.626152 -0.0030720745 -0.0011457293  9.6261526 0.10115406 8
0.000201  -0.039292166 -0.00042035537 2.7022801e-06   9.6344903 -0.00026812715 -0.0032219716  9.6344909 0.10405755 9
0.000201  -0.039260421 -0.00061000609 -0.0020102921   9.6432484 0.00097825237 -0.0035761643  9.6432491 0.10213146 10
0.000201  -0.039228712 0.00058103734 0.00048618784   9.6516225 0.0011899905 -0.00067214936  9.6516226 0.10461592 11
0.000201  -0.039196981 -0.00080890362 0.00098755441   9.6602295 0.00068829903 -0.001769527  9.6602297 0.10441751 12
0.000201  -0.039165253 0.00086623385 0.0012144487   9.6688147 0.00070014025 0.00019180128  9.6688147 0.10447623 13
0.000201  -0.039133537 -0.00026806213 9.2970133e-05   9.677267 0.0017004966 -0.0019296774  9.6772673 0.10608102 14
0.000201  -0.039101801 0.0009828643 0.0011202094   9.6859266 0.001753029 -0.0017176254  9.685927 0.10526221 15
0.000201  -0.039070085 -7.027016e-05 -0.00022204287   9.694376 5.8589958e-05 -0.0017924151  9.6943762 0.1068975 16
0.000201  -0.039038349 -0.00068021375 0.00131133   9.7030357 -0.000691689 -0.0029009126  9.7030361 0.10607523 17
0.000201  -0.03900663 0.0008334235 -0.00046231251   9.7115272 0.0011040003 -0.0020155087  9.7115274 0.10720768 18
0.000201  -0.038974885 0.00094653599 -0.0020236524   9.7202862 0.0014887524 -0.0032165669  9.7202869 0.10527969 19
0.000201  -0.038943176 -0.0008803932 -0.00075660516   9.7286575 -0.0016702114 -0.0027146428  9.7286581 0.10776166 20
0.000201  -0.038911452 0.00015523715 -0.00099812054   9.7371948 0.0001832111 -0.0019326172  9.737195 0.10836124 21
0.000201  -0.038879729 7.8871893e-06 -0.00071405643   9.7457223 0.0009804968 -0.002982097  9.7457228 0.10907505 22
0.000201  -0.038847997 0.0012125649 -0.00064579393   9.7543457 0.00056463919 -0.0018485184  9.7543459 0.10866892 23
0.000201  -0.03881628 -0.00012604372 -0.00024335732   9.7628056 -0.0012183899 -0.0014298098  9.7628058 0.11016837 24
0.000201  -0.038784552 0.00068259373 -8.3540921e-05   9.7713781 0.00022272061 -0.0030408929  9.7713786 0.11034499 25
0.000201  -0.038752803 0.0016235085 0.0016436137   9.7801842 0.0016473497 -0.0011239889  9.7801844 0.1078708 26
0.000201  -0.038721095 -0.00058449011 0.0012014042   9.7885504 -0.00084208322 -0.0019600868  9.7885507 0.11038713 27
0.000201  -0.038689376 -8.6327983e-05 0.00060450906   9.7970277 0.0017628841 -0.0010209101  9.7970279 0.11167293 28
0.000201  -0.038657652 6.3210995e-05 -0.00028024135   9.8055634 0.0015544061 -0.0023918333  9.8055638 0.11228084 29
0.000201  -0.038625916 0.0014798425 -0.00011583549   9.8142268 0.0026639647 -0.0018842484  9.8142273 0.11139473 30
0.000201  -0.038594183 0.00067767436 -0.0018106255   9.8228603 -0.0016100995 -0.0030019148  9.8228609 0.11088101 31
0.000201  -0.038562475 0.00045780602 0.0002129874   9.831223 0.00022050475 -0.00081270308  9.831223 0.11346606 32
0.000201  -0.03853075 -0.0005592014 -0.00012738901   9.8397764 -0.00020017921 -0.0022868304  9.8397767 0.11385404 33
0.000201  -0.03849902 -0.0010248856 -0.00049527006   9.8483783 -0.00049835415 -0.0035841125  9.8483789 0.11367506 34
0.000201  -0.038467298 0.00041608828 0.00071243065   9.8568937 -0.0001971463 -0.00079281031  9.8568937 0.11450388 35
0.000201  -0.038435563 -0.0010247194 -0.001217024   9.8655448 -0.0018055205 -0.0025668054  9.8655453 0.11376272 36
0.000201  -0.038403841 -0.00082137226 0.0010445714   9.8740509 -0.0012675751 0.0004579871  9.874051 0.11468637 37
0.000201  -0.038372124 -3.7704058e-05 -0.00049559375   9.8825144 0.00057832307 -0.0026550085  9.8825148 0.11611466 38
0.000201  -0.038340395 0.0010426168 -0.00012114489   9.8911097 0.000668347 -0.0041491725  9.8911106 0.11600109 39
0.000201  -0.038308671 -0.00091435827 -0.00026913007   9.8996461 -0.0024814372 -0.00097972457  9.8996464 0.11657528 40
0.000201  -0.03827693 0.0010249352 0.0016798831   9.9083624 0.00027106667 -0.00024297964  9.9083624 0.11509472 41
0.000201  -0.03824522 -0.0004301251 0.00086936165   9.9167415 0.00076003617 -0.0019507603  9.9167417 0.11745594 42
0.000201  -0.038213499 0.00042698188 -0.00023068434   9.9252473 0.00067422542 -0.0027549024  9.9252477 0.11838518 43
0.000201  -0.038181757 -0.00053205602 0.0017572409   9.9339749 -0.00070298593 -0.00067170305  9.9339749 0.11675242 44
0.000201  -0.038150032 -0.0014694023 -0.0011164911   9.9425232 -0.0026312159 -0.0021926695  9.9425238 0.11717894 45
0.000201  -0.038118321 -0.00012034058 -0.00094687204   9.9509224 -0.00016438804 -0.0025441924  9.9509227 0.1193067 46
0.000201  -0.038086595 0.00076329365 0.0006642814   9.9594738 0.0013211666 -0.001557137  9.959474 0.11969272 47
0.000201  -0.038054851 -0.0010187659 0.0018496369   9.9682229 -0.0014890909 3.4182375e-06  9.968223 0.11783709 48
0.000201  -0.038023126 -0.0019092425 0.00091856694   9.9767699 -0.0020714768 -0.0011026439  9.9767702 0.11827117 49
0.000201  -0.037991417 -0.0011202993 -0.00064865131   9.9851452 -0.0002799023 -0.0025560569  9.9851455 0.12064272 50
0.000201  -0.037959696 -0.00060802989 0.00081737288   9.9936501 0.00074085342 -0.0010574434  9.9936502 0.12155743 51
0.000201  -0.037927973 0.00022753249 0.00084226392   10.002176 0.001078117 -0.0021176759  10.002177 0.1222271 52
0.000201  -0.037896252 0.00027811735 -0.00013425011   10.010678 0.00137584 -0.0010814622  10.010679 0.12318144 53
0.000201  -0.037864471 0.0031270125 -0.00041162861   10.019824 0.0039582551 -0.0022362373  10.019825 0.11691407 54
0.000201  -0.037832799 -0.00023959086 -0.00086155062   10.027805 -0.0033629446 -0.0017457577  10.027806 0.12363986 55
0.000201  -0.037801077 -0.00057977826 0.00028462494   10.036322 7.7347721e-05 -0.0028724982  10.036323 0.1244023 56
0.000201  -0.037769351 -0.00054913531 0.00058879841   10.044878 -0.0010350524 -4.9509761e-05  10.044878 0.12472211 57
0.000201  -0.03773763 -0.00012577014 -9.0687601e-05   10.053379 -0.00048993821 -0.0010641621  10.053379 0.12567312 58
0.000201  -0.037705904 0.00025504797 0.00058572203   10.061943 -0.00069605156 -0.0017796964  10.061943 0.12588252 59
0.000201  -0.037674175 0.0008634031 -0.00055601335   10.070524 0.0021387354 -0.0014313229  10.070524 0.12589907 60
0.000201  -0.037642439 0.0005705276 -0.0016624065   10.079194 0.00030702955 -0.0037633488  10.079195 0.12490274 61
0.000201  -0.037610726 0.00092611372 -0.00063928991   10.087616 0.003628307 -0.0016586455  10.087616 0.12673507 62
0.000201  -0.037579007 0.00047674322 0.00024663392   10.096091 -0.0012433207 -0.0017855091  10.096091 0.12797281 63
0.000201  -0.03754726 -0.0012964297 0.0015440838   10.104876 -0.0018471316 -0.0019023166  10.104876 0.12566217 64
0.000201  -0.037515556 6.9049081e-05 0.00084221193   10.113194 0.00043324816 -0.0027793459  10.113195 0.12866185 65
0.000201  -0.037483827 0.00066854767 -0.0010328338   10.121784 0.00044305537 -0.0043313416  10.121785 0.12856068 66
0.000201  -0.037452101 -0.001182802 -0.00069554472   10.130346 -0.00023681003 -0.00059987488  10.130346 0.12878785 67
0.000201  -0.037420355 -0.00055877124 -0.0022265854   10.13911 -0.0012352686 -0.0032494984  10.139111 0.12675187 68
0.000201  -0.037388641 0.0011706367 -0.0015408128   10.147545 0.00024849183 -0.004307156  10.147546 0.1283912 69
0.000201  -0.037356937 -0.00023719597 0.00067603097   10.155863 -0.0005733542 -0.00016816771  10.155863 0.13139378 70
0.000201  -0.037325205 -0.0001373814 0.0013163128   10.164482 -1.4589164e-05 0.0012612232  10.164482 0.13094337 71
0.000201  -0.037293481 -0.0010207618 -0.00087959372   10.173022 -0.0012122793 -0.0027343988  10.173022 0.13141341 72
0.000201  -0.037261738 -0.0018944339 -0.001043691   10.181754 -0.0035756678 -0.0044676778  10.181756 0.12971426 73
0.000201  -0.037230038 -0.0010485879 -0.00016891705   10.190043 0.00012819009 -0.0023846689  10.190044 0.13300887 74
0.000201  -0.037198314 -0.0010101692 -0.00021519593   10.198573 -0.0025728375 -0.0011268155  10.198573 0.13358926 75
0.000201  -0.03716659 5.7807189e-06 0.0010694123   10.207111 -0.00048604158 -0.0014853709  10.207111 0.13406092 76
0.000201  -0.03713487 -0.00059606273 0.00045137029   10.215603 -0.0024248533 -0.00064932143  10.215603 0.13507524 77
0.000201  -0.037103128 0.00084501009 -0.0016093572   10.22433 -0.0006814297 -0.0030962302  10.22433 0.1333904 78
0.000201  -0.037071425 8.1575848e-05 0.00047720926   10.232644 0.00026089306 -0.0018154553  10.232644 0.13643212 79
0.000201  -0.037039695 -0.00077209376 -0.00079614779   10.241246 -0.00061872178 -0.0047527856  10.241247 0.13615063 80
0.000201  -0.037007975 0.00020265484 -0.00076891736   10.249734 0.0012045524 -0.0025462967  10.249734 0.13719697 81
0.000201  -0.036976254 -0.0003077528 -0.00034555418   10.258234 -0.00076441424 -0.0039940829  10.258235 0.13810401 82
0.000201  -0.036944511 -0.0014740455 0.0010071799   10.266981 -0.0018282995 -0.0012934748  10.266981 0.13617034 83
0.000201  -0.036912769 -0.0013385418 -0.0020132292   10.275707 -0.0012724801 -0.004561912  10.275708 0.13454612 84
0.000201  -0.036881085 -0.00014404386 0.00020887612   10.283811 0.00041953581 -0.0016067253  10.283811 0.13991413 85
0.000201  -0.036849355 -8.388735e-05 -0.0010055481   10.29241 0.00068742055 -0.0044327294  10.292411 0.13965375 86
0.000201  -0.03681763 -0.00021135306 0.001092665   10.300954 9.3280637e-05 -0.00020149127  10.300954 0.14002782 87
0.000201  -0.036785891 0.00093457735 -0.0016327094   10.309655 8.3047864e-05 -0.0039766894  10.309656 0.13862722 88
0.000201  -0.036754192 0.00029302798 -0.00022580188   10.317927 -0.00032715209 -0.0032108851  10.317927 0.1421324 89
0.000201  -0.036722468 -0.00041429332 -3.9662738e-05   10.326456 -0.0017102387 -0.0017012671  10.326456 0.1426774 90
0.000201  -0.036690692 -0.0015290732 -0.0022771211   10.335543 -0.0016847525 -0.0043980332  10.335544 0.13695403 91
0.000201  -0.036659011 0.00067995585 0.0011337381   10.343628 0.0017032468 -0.00070564673  10.343628 0.14243659 92
0.000201  -0.036627291 -0.0010970601 -0.00031054825   10.352119 -0.00063606446 -0.0021222797  10.352119 0.14341266 93
0.000201  -0.03659556 -0.0015214606 -3.3477386e-05   10.360723 -0.0010585723 -0.0036465088  10.360724 0.1430901 94
0.000201  -0.03656382 0.00095494055 -0.0019523619   10.369437 0.0017930387 -0.0053920789  10.369439 0.14155417 95
0.000201  -0.036532092 -0.0020840891 0.0010000667   10.378012 -0.0030029084 -0.00046334525  10.378012 0.14158588 96
0.000201  -0.036500406 -0.00043823719 -0.00042135204   10.386143 -0.0003631138 -0.002484267  10.386143 0.14661873 97
0.000201  -0.03646867 -0.0014438801 -0.00016299243   10.394804 -0.0024153862 -0.0025141113  10.394805 0.14561642 98
0.000201  -0.036436939 -0.0016956049 0.00056131889   10.403414 -0.0033493805 -0.0016354047  10.403414 0.14523 99
0.0003  -0.038631822 -0.001767591 -0.0009186936   9.5505294 -0.0014622995 -0.0045965214  9.5505306 0.11024551 0
0.0003  -0.03859927 0.00078052121 0.0011582656   9.5589056 8.7276429e-05 -0.0017144337  9.5589058 0.11190643 1
0.0003  -0.03856671 0.0005857515 -0.00069666198   9.5673466 0.00068630872 -0.0013973279  9.5673467 0.11304571 2
0.0003  -0.038534109 -0.0018989662 -0.00016018166   9.5760806 -0.0045874801 -0.0034177545  9.5760823 0.11174443 3
0.0003  -0.038501569 -0.00070873865 0.00025250216   9.5843737 -0.00085966155 -0.0014106235  9.5843738 0.11410413 4
0.0003  -0.038468983 -0.00014966887 0.0013821239   9.5929999 -0.0011089712 -0.0032987602  9.5930005 0.11368343 5
0.0003  -0.038436421 -0.0009810307 -0.00023055178   9.6014525 0.00073817916 -0.0018492385  9.6014527 0.11471638 6
0.0003  -0.038403816 -0.0012887016 -0.0016032481   9.6102215 -0.0015389218 -0.0062395787  9.6102236 0.1131273 7
0.0003  -0.038371238 -0.0017484886 0.0013355963   9.6187915 -0.0038908513 -0.0014910655  9.6187924 0.11318797 8
0.0003  -0.038338715 -0.00042039152 2.3353065e-06   9.6269515 -0.00046813672 -0.0041916303  9.6269525 0.11663323 9
0.0003  -0.038306099 -0.00060992316 -0.00201074   9.6358027 0.00068881705 -0.0055010371  9.6358043 0.11434569 10
0.0003  -0.038273568 0.00058116861 0.0004860845   9.6440217 0.0014700171 -0.0014087421  9.6440219 0.11729557 11
0.0003  -0.038240986 -0.0008088543 0.00098735415   9.6526241 0.00029669427 -0.0022623235  9.6526243 0.1170596 12
0.0003  -0.038208408 0.00086632341 0.001214448   9.6611906 0.0011213775 -0.00018851553  9.6611907 0.11712861 13
0.0003  -0.03817586 -0.00026790009 9.2733223e-05   9.6695382 0.0015693246 -0.0028550839  9.6695387 0.11903637 14
0.0003  -0.038143266 0.00098306109 0.0011200177   9.6782273 0.0022366253 -0.0021374112  9.6782278 0.11806196 15
0.0003  -0.038110719 -7.0266032e-05 -0.00022227366   9.6865701 2.3802603e-05 -0.0028732543  9.6865705 0.12000664 16
0.0003  -0.038078124 -0.0006802985 0.0013110261   9.6952592 -0.0010303299 -0.0032190477  9.6952598 0.11902821 17
0.0003  -0.038045568 0.0008335529 -0.00046257126   9.7036713 0.0015224129 -0.003218511  9.7036719 0.12037423 18
0.0003  -0.038012951 0.00094670608 -0.0020240675   9.7125243 0.0019611067 -0.0051973073  9.7125259 0.11808084 19
0.0003  -0.037980421 -0.00088058002 -0.00075694043   9.7207382 -0.0021171576 -0.0040696458  9.7207393 0.12103241 20
0.0003  -0.037947854 0.0001552591 -0.00099838443   9.7292256 0.00026251997 -0.003413432  9.7292262 0.12174609 21
0.0003  -0.03791529 7.9844541e-06 -0.00071441735   9.7376969 0.00098457605 -0.0043200274  9.7376979 0.12259602 22
0.0003  -0.037882703 0.0012126509 -0.000646041   9.7463263 0.0011903576 -0.0031526743  9.7463269 0.12211165 23
0.0003  -0.037850154 -0.00012616748 -0.000243553   9.7546862 -0.0012838445 -0.0025270281  9.7546866 0.12389862 24
0.0003  -0.037817579 0.00068263293 -8.3892129e-05   9.7632316 0.0005797694 -0.0040555386  9.7632325 0.12410846 25
0.0003  -0.037784952 0.0016237121 0.0016434953   9.7721622 0.0024902174 -0.0012416241  9.7721626 0.12116171 26
0.0003  -0.037752423 -0.00058458831 0.0012011926   9.7803675 -0.0011509577 -0.00229617  9.7803678 0.12415798 27
0.0003  -0.03771987 -8.6155664e-05 0.00060437539   9.7887559 0.0017169795 -0.0016700251  9.7887562 0.12569111 28
0.0003  -0.037687303 6.3366505e-05 -0.0002805334   9.7972406 0.0015882417 -0.0035125856  9.7972413 0.12641598 29
0.0003  -0.037654708 0.0014801444 -0.00011607308   9.8059359 0.0034590406 -0.0029173966  9.805937 0.12535733 30
0.0003  -0.03762212 0.00067753246 -0.0018110175   9.814582 -0.00124574 -0.0049464863  9.8145833 0.12474462 31
0.0003  -0.037589592 0.00045783983 0.00021286446   9.8227811 0.00046993009 -0.0016675546  9.8227813 0.12782957 32
0.0003  -0.037557021 -0.00055923594 -0.00012766682   9.8312951 -0.00050672509 -0.0033275933  9.8312957 0.12829233 33
0.0003  -0.03752444 -0.0010249621 -0.00049568606   9.8398888 -0.0010633166 -0.0048280889  9.8398901 0.12807747 34
0.0003  -0.037491878 0.00041607985 0.00071232309   9.8483399 3.3729964e-05 -0.0013683821  9.84834 0.12906776 35
0.0003  -0.037459285 -0.0010249255 -0.0012173586   9.857015 -0.0023753132 -0.0042144082  9.8570161 0.12818099 36
0.0003  -0.037426725 -0.00082151985 0.0010445968   9.8654507 -0.001727985 7.2607839e-05  9.8654509 0.12928448 37
0.0003  -0.037394175 -3.7647826e-05 -0.00049591809   9.8738161 0.00055705699 -0.0039056993  9.8738169 0.13099168 38
0.0003  -0.037361595 0.0010427114 -0.00012160702   9.882399 0.0012605084 -0.0051889633  9.8824004 0.13085509 39
0.0003  -0.037329028 -0.00091462903 -0.0002692825   9.8908847 -0.003004021 -0.0021044158  9.8908853 0.13154115 40
0.0003  -0.037296421 0.0010249901 0.0016798569   9.8996673 0.00085531843 -0.00025627069  9.8996673 0.12977188 41
0.0003  -0.03726389 -0.0004300618 0.0008691446   9.9078932 0.0005113446 -0.0024189894  9.9078935 0.13259462 42
0.0003  -0.03723133 0.00042706054 -0.00023101157   9.9163283 0.00092249823 -0.0038599751  9.9163291 0.1337062 43
0.0003  -0.03719872 -0.00053214046 0.0017571754   9.9251296 -0.0010122622 -0.00062120177  9.9251296 0.13175252 44
0.0003  -0.037166151 -0.0014697041 -0.0011167876   9.9336349 -0.0034903285 -0.0038163201  9.9336362 0.13226104 45
0.0003  -0.037133615 -0.00012036028 -0.00094719889   9.9418939 -0.00023564982 -0.0040758053  9.9418947 0.13480765 46
0.0003  -0.037101045 0.00076344627 0.00066409817   9.9504042 0.0017757958 -0.0021324316  9.9504046 0.13527009 47
0.0003  -0.037068431 -0.0010189424 0.0018496418   9.9592408 -0.0020930156 0.00012893369  9.9592411 0.1330491 48
0.0003  -0.037035861 -0.0019095022 0.00091843601   9.967744 -0.0032098242 -0.0015258991  9.9677446 0.13356802 49
0.0003  -0.037003331 -0.0011203595 -0.00064897127   9.9759634 -0.00095818724 -0.0039197251  9.9759642 0.13640663 50
0.0003  -0.036970771 -0.00060797434 0.00081724405   9.9843969 0.00037006375 -0.0015298623  9.984397 0.13750334 51
0.0003  -0.036938207 0.00022764592 0.00084203101   9.9928654 0.0012177845 -0.0025717247  9.9928658 0.13830608 52
0.0003  -0.036905648 0.00027826179 -0.00013440921   10.001294 0.0015473247 -0.0021351214  10.001295 0.13945055 53
0.0003  -0.036872944 0.0031274945 -0.00041190992   10.010786 0.0058351929 -0.0034542315  10.010788 0.1319465 54
0.0003  -0.036840502 -0.00023993097 -0.00086179734   10.018354 -0.0035127281 -0.0032549068  10.018355 0.13999895 55
0.0003  -0.03680794 -0.00057978809 0.00028430108   10.026808 -0.0002870005 -0.003664592  10.026809 0.14091455 56
0.0003  -0.036775369 -0.00054925444 0.00058876331   10.035324 -0.0013822791 -0.00064810987  10.035324 0.14129776 57
0.0003  -0.03674281 -0.00012582247 -9.0843771e-05   10.043752 -0.00056973505 -0.0020925923  10.043752 0.14244004 58
0.0003  -0.036710237 0.00025498689 0.00058551576   10.052283 -0.00053290443 -0.0023759012  10.052283 0.14269107 59
0.0003  -0.03667766 0.00086364149 -0.00055622028   10.060841 0.0026943022 -0.0027599672  10.060842 0.14270954 60
0.0003  -0.036645064 0.00057057561 -0.0016628784   10.069548 0.00067413575 -0.0058039882  10.069549 0.14151258 61
0.0003  -0.036612523 0.00092650184 -0.00063952214   10.077844 0.0042311703 -0.003045639  10.077845 0.14371292 62
0.0003  -0.03657997 0.00047663511 0.00024641684   10.086228 -0.00093107092 -0.0025948802  10.086229 0.14520181 63
0.0003  -0.036547347 -0.0012966532 0.0015438957   10.095124 -0.002693267 -0.0018655517  10.095124 0.14242601 64
0.0003  -0.036514829 6.9094169e-05 0.00084191551   10.103249 0.00047905117 -0.0031918156  10.103249 0.1460297 65
0.0003  -0.036482251 0.0006686129 -0.0010333437   10.111823 0.00088842206 -0.0059903784  10.111825 0.14590619 66
0.0003  -0.036449678 -0.0011828634 -0.0006956745   10.12035 -0.0010286516 -0.0020364013  10.12035 0.14617997 67
0.0003  -0.03641706 -0.00055891136 -0.0022270262   10.129211 -0.0016069326 -0.005701314  10.129212 0.14373376 68
0.0003  -0.036384516 0.0011706991 -0.001541337   10.137529 0.0010364707 -0.0063153142  10.137531 0.14570261 69
0.0003  -0.036351999 -0.00023726051 0.00067598842   10.145653 -0.00073544212 -0.00067713447  10.145653 0.1493153 70
0.0003  -0.036319413 -0.00013738736 0.001316433   10.154275 -0.00010881566 0.001193219  10.154275 0.14877245 71
0.0003  -0.036286846 -0.0010209156 -0.00087994158   10.162765 -0.001916492 -0.0043121505  10.162766 0.14933753 72
0.0003  -0.036254235 -0.0018948503 -0.0010442157   10.171574 -0.0048768125 -0.0061554683  10.171577 0.14729353 73
0.0003  -0.036221724 -0.0010486104 -0.00016920686   10.17965 -0.00060513199 -0.0034737557  10.179651 0.15125913 74
0.0003  -0.036189159 -0.001010458 -0.0002153628   10.188124 -0.0032837091 -0.0022491431  10.188124 0.15195771 75
0.0003  -0.036156592 5.7327964e-06 0.0010692534   10.196612 -0.00048196792 -0.0016994323  10.196612 0.15252687 76
0.0003  -0.036124035 -0.00059632315 0.00045127337   10.205023 -0.0028496402 -0.001298611  10.205024 0.15374895 77
0.0003  -0.036091426 0.00084497145 -0.0016097667   10.213823 -8.0369635e-05 -0.0052120042  10.213825 0.15171853 78
0.0003  -0.036058909 8.1604496e-05 0.00047699796   10.221941 0.00031970019 -0.0024424338  10.221941 0.15538565 79
0.0003  -0.036026327 -0.00077218185 -0.00079669404   10.230534 -0.0011783092 -0.0063008293  10.230536 0.1550444 80
0.0003  -0.035993771 0.00020278118 -0.0007692444   10.238939 0.0013524892 -0.0040783969  10.23894 0.15630705 81
0.0003  -0.035961213 -0.0003078393 -0.00034600981   10.247364 -0.00099027428 -0.0052186736  10.247366 0.15740204 82
0.0003  -0.035928599 -0.0014742783 0.0010070392   10.256197 -0.0029091036 -0.001525953  10.256197 0.15507005 83
0.0003  -0.03589599 -0.0013387146 -0.0020137993   10.264994 -0.0022490764 -0.0070017275  10.264997 0.1531136 84
0.0003  -0.03586352 -0.00014400748 0.00020867646   10.272765 0.0003120497 -0.0024217701  10.272766 0.15958795 85
0.0003  -0.035830939 -8.3822316e-05 -0.0010060712   10.281353 0.00062439862 -0.0061595234  10.281355 0.15927164 86
0.0003  -0.035798371 -0.00021135148 0.0010926365   10.289851 -6.6442868e-05 -0.00034660388  10.289851 0.15972456 87
0.0003  -0.035765767 0.00093461936 -0.0016332102   10.298608 0.00078803256 -0.0061793183  10.29861 0.15803389 88
0.0003  -0.03573326 0.00029300634 -0.0002261761   10.306655 -0.00010299444 -0.0043546233  10.306656 0.16226753 89
0.0003  -0.035700695 -0.00041447792 -3.9880687e-05   10.315128 -0.0020292267 -0.0027027374  10.315128 0.16292625 90
0.0003  -0.035668004 -0.0015292953 -0.002277687   10.324522 -0.0028391654 -0.0070881478  10.324525 0.15602146 91
0.0003  -0.035635539 0.00068014982 0.0011336624   10.332261 0.002232047 -0.0007949533  10.332262 0.16263529 92
0.0003  -0.035602982 -0.0010971643 -0.00031081807   10.340671 -0.0014953883 -0.0033364804  10.340672 0.16381479 93
0.0003  -0.0355704 -0.0015216227 -3.3887714e-05   10.349268 -0.0022536663 -0.0046438219  10.349269 0.16342566 94
0.0003  -0.035537794 0.00095515389 -0.001953017   10.358046 0.0025404811 -0.0078911543  10.358049 0.16157096 95
0.0003  -0.035505219 -0.0020844648 0.0010000104   10.366593 -0.0046394919 -0.00064896554  10.366594 0.16161251 96
0.0003  -0.035472743 -0.00043829001 -0.00042166227   10.374408 -0.00071517326 -0.0037937212  10.374409 0.16769402 97
0.0003  -0.035440148 -0.0014441749 -0.00016329568   10.383099 -0.0035778892 -0.0036163045  10.3831 0.16648126 98
0.0003  -0.035407565 -0.001696002 0.00056113062   10.391705 -0.0047172153 -0.0021535769  10.391706 0.16601546 99
0.0004  -0.037677174 -0.0017677834 -0.00091922629   9.5422353 -0.0024135113 -0.0060716878  9.5422375 0.12373751 0
0.0004  -0.03764379 0.00078055058 0.0011580757   9.5504981 0.00051255846 -0.0020640563  9.5504983 0.12571262 1
0.0004  -0.037610389 0.00058583575 -0.00069686932   9.5588564 0.0010080978 -0.0027607376  9.5588569 0.12706723 2
0.0004  -0.037576913 -0.0018994755 -0.00016057674   9.567647 -0.0056293533 -0.0044863986  9.5676498 0.12551785 3
0.0004  -0.03754355 -0.00070884374 0.00025231888   9.5757871 -0.0012537794 -0.0022509349  9.5757874 0.12832679 4
0.0004  -0.037510102 -0.00014978382 0.0013817824   9.5844185 -0.0011925525 -0.0035079882  9.5844192 0.12782598 5
0.0004  -0.037476698 -0.00098098367 -0.00023079203   9.5927939 0.00018618135 -0.0029596966  9.5927943 0.12905502 6
0.0004  -0.037443212 -0.0012888906 -0.0016039647   9.6016362 -0.0022616366 -0.0081194933  9.6016399 0.12716133 7
0.0004  -0.037409778 -0.0017489255 0.0013354346   9.6101846 -0.004875153 -0.0017200031  9.610186 0.1272348 8
0.0004  -0.03737645 -0.00042045002 1.8671709e-06   9.6181282 -0.00070887954 -0.0051710913  9.6181296 0.1313386 9
0.0004  -0.037342943 -0.00060987117 -0.0020113949   9.6270917 0.00034079374 -0.0076292721  9.6270947 0.128611 10
0.0004  -0.0373096 0.00058133197 0.00048590828   9.635122 0.0018072471 -0.0021074395  9.6351224 0.13212736 11
0.0004  -0.037276158 -0.00080884751 0.0009871068   9.6437182 -0.00017475013 -0.0026675717  9.6437186 0.13184572 12
0.0004  -0.037242724 0.00086646016 0.0012144146   9.6522616 0.0016286196 -0.00045817074  9.6522617 0.13192719 13
0.0004  -0.037209348 -0.00026775082 9.2401332e-05   9.6604817 0.0014113567 -0.0037811488  9.6604825 0.13420381 14
0.0004  -0.037175883 0.00098331302 0.0011197872   9.669206 0.0028192851 -0.0024543954  9.6692067 0.13303991 15
0.0004  -0.037142508 -7.0265686e-05 -0.00022261646   9.6774189 -1.8134504e-05 -0.0039866804  9.6774197 0.13536128 16
0.0004  -0.037109043 -0.00068042134 0.0013106933   9.686143 -0.001438502 -0.0034132816  9.6861437 0.13419281 17
0.0004  -0.03707565 0.00083372962 -0.00046295573   9.6944583 0.0020270416 -0.0044792986  9.6944595 0.13579851 18
0.0004  -0.037042142 0.00094692981 -0.0020246953   9.7034247 0.00253035 -0.0073950617  9.7034278 0.13306026 19
0.0004  -0.0370088 -0.00088081789 -0.00075741891   9.7114471 -0.00265641 -0.0055139298  9.711449 0.13658353 20
0.0004  -0.036975388 0.00015529 -0.00099880466   9.7198733 0.00035823253 -0.0050096362  9.7198746 0.13743628 21
0.0004  -0.036941979 8.0831529e-06 -0.00071491989   9.7282758 0.00098956091 -0.0057440522  9.7282776 0.13845224 22
0.0004  -0.03690853 0.0012128066 -0.00064642482   9.7369119 0.0019455978 -0.0045357857  9.7369131 0.13787248 23
0.0004  -0.03687515 -0.00012629971 -0.00024386214   9.7451497 -0.0013629828 -0.0036604735  9.7451505 0.14001026 24
0.0004  -0.036841722 0.00068271182 -8.4349291e-05   9.7536616 0.0010111013 -0.0050893526  9.753663 0.14026056 25
0.0004  -0.036808195 0.0016240105 0.0016433721   9.7627424 0.0035074346 -0.0011928103  9.7627431 0.13673884 26
0.0004  -0.036774855 -0.00058472151 0.0012009511   9.7707518 -0.0015241522 -0.0025101716  9.7707522 0.14031942 27
0.0004  -0.036741468 -8.5986652e-05 0.00060417821   9.7790317 0.0016615994 -0.00226187  9.7790321 0.14215418 28
0.0004  -0.036708056 6.3527317e-05 -0.00028094249   9.7874538 0.0016292589 -0.0046747337  9.7874551 0.14302169 29
0.0004  -0.036674589 0.001480537 -0.00011641751   9.7961872 0.0044202391 -0.0039735385  9.796189 0.14175247 30
0.0004  -0.036641136 0.00067742924 -0.0018116183   9.8048477 -0.00080551688 -0.0071041383  9.8048503 0.14101914 31
0.0004  -0.036607798 0.00045790145 0.00021265547   9.8128477 0.0007717574 -0.0025079657  9.812848 0.14471422 32
0.0004  -0.036574378 -0.0005593046 -0.00012805272   9.821313 -0.00087774177 -0.0043930781  9.821314 0.14526824 33
0.0004  -0.036540938 -0.0010251015 -0.00049623394   9.8298961 -0.0017470229 -0.0061395635  9.8298982 0.14500947 34
0.0004  -0.036507534 0.00041609678 0.00071216041   9.8382683 0.00031322666 -0.0018706134  9.8382685 0.14619732 35
0.0004  -0.036474073 -0.0010251965 -0.0012178688   9.8469717 -0.0030649926 -0.006014302  9.846974 0.14513254 36
0.0004  -0.036440674 -0.00082171968 0.0010445894   9.8553212 -0.0022855041 -0.0001992342  9.8553215 0.14645608 37
0.0004  -0.036407293 -3.7593367e-05 -0.00049637413   9.8635667 0.00053132894 -0.0052256764  9.8635681 0.14850372 38
0.0004  -0.036373855 0.0010428722 -0.00012217901   9.8721336 0.0019779717 -0.0062534935  9.8721358 0.14833912 39
0.0004  -0.036340443 -0.00091496013 -0.00026955102   9.8805569 -0.0036374961 -0.0032716422  9.8805581 0.14916188 40
0.0004  -0.036306954 0.0010251099 0.0016798385   9.889419 0.0015628944 -7.7359619e-05  9.8894191 0.14704136 41
0.0004  -0.036273609 -0.00043002527 0.00086888319   9.8974582 0.00020988867 -0.0027904812  9.8974586 0.15042711 42
0.0004  -0.036240209 0.00042716739 -0.0002314545   9.9058068 0.0012237028 -0.0050037061  9.9058081 0.15176139 43
0.0004  -0.036206715 -0.00053225986 0.0017571242   9.9146964 -0.0013871438 -0.00036413022  9.9146965 0.14941679 44
0.0004  -0.036173298 -0.0014701036 -0.0011172566   9.9231487 -0.0045319267 -0.0055885215  9.9231513 0.15002493 45
0.0004  -0.036139945 -0.00012038803 -0.00094768849   9.9312367 -0.0003221325 -0.0057371573  9.9312383 0.153083 46
0.0004  -0.036106526 0.00076365059 0.00066385915   9.9396961 0.0023276422 -0.0026332119  9.9396968 0.15363945 47
0.0004  -0.036073023 -0.0010191872 0.0018496701   9.948638 -0.0028254506 0.00047767785  9.9486384 0.15097362 48
0.0004  -0.036039606 -0.0019098901 0.00091826656   9.9570868 -0.0045906164 -0.0018425548  9.957088 0.15159624 49
0.0004  -0.036006263 -0.0011204953 -0.0006494354   9.9651163 -0.0017817053 -0.0053775552  9.9651179 0.15500445 50
0.0004  -0.035972864 -0.00060795915 0.00081707136   9.973462 -8.0255227e-05 -0.001905257  9.9734622 0.1563242 51
0.0004  -0.035939456 0.00022777593 0.00084175522   9.9818596 0.0013875643 -0.0029246822  9.9818601 0.15728988 52
0.0004  -0.035906058 0.00027842663 -0.00013467664   9.9901985 0.0017559058 -0.0032166041  9.9901992 0.15866693 53
0.0004  -0.035872385 0.0031281883 -0.00041231891   10.000108 0.0081116316 -0.0047348304  10.000113 0.1496563 54
0.0004  -0.035839211 -0.00024029108 -0.00086220358   10.007174 -0.0036950818 -0.0048902063  10.007176 0.15932561 55
0.0004  -0.035805807 -0.00057983825 0.00028389611   10.015551 -0.00073012767 -0.0044281311  10.015552 0.1604292 56
0.0004  -0.035772387 -0.00054941313 0.0005886714   10.024019 -0.0018047019 -0.001176064  10.024019 0.16089026 57
0.0004  -0.035738989 -0.00012588415 -9.1105464e-05   10.032356 -0.00066689271 -0.0031434852  10.032357 0.16226681 58
0.0004  -0.035705565 0.00025494321 0.00058525121   10.040846 -0.000334411 -0.0029008336  10.040846 0.16256919 59
0.0004  -0.035672134 0.00086394367 -0.0005565664   10.049376 0.0033704968 -0.0041761837  10.049377 0.16258998 60
0.0004  -0.035638665 0.00057066466 -0.0016635709   10.058125 0.0011206176 -0.0080860426  10.058128 0.16114849 61
0.0004  -0.035605302 0.00092696051 -0.00063990028   10.066267 0.0049652523 -0.0045330261  10.066269 0.16379884 62
0.0004  -0.035571915 0.00047656042 0.00024611784   10.07454 -0.00055083313 -0.0033790657  10.074541 0.16559569 63
0.0004  -0.035538397 -0.0012969724 0.0015437195   10.083569 -0.0037227417 -0.0016206657  10.08357 0.1622532 64
0.0004  -0.035505078 6.9144778e-05 0.00084158022   10.091458 0.000534884 -0.0034925451  10.091459 0.16659448 65
0.0004  -0.035471643 0.00066872801 -0.0010340323   10.100011 0.0014309066 -0.0078096623  10.100015 0.16644357 66
0.0004  -0.03543822 -0.001183013 -0.00069595465   10.108495 -0.0019931577 -0.003584393  10.108496 0.16677523 67
0.0004  -0.03540471 -0.00055909396 -0.0022277327   10.117472 -0.0020593482 -0.008484649  10.117476 0.16382957 68
0.0004  -0.035371342 0.0011708492 -0.0015420788   10.125647 0.0019960195 -0.0085595399  10.12565 0.16620097 69
0.0004  -0.035338023 -0.00023734363 0.00067589894   10.133535 -0.00093315928 -0.001094609  10.133535 0.17055975 70
0.0004  -0.035304575 -0.0001374038 0.0013165565   10.142159 -0.00022367751 0.0013131418  10.142159 0.16990477 71
0.0004  -0.035271162 -0.0010211488 -0.00088045767   10.150588 -0.0027751464 -0.0060330317  10.15059 0.17058613 72
0.0004  -0.035237666 -0.0018954147 -0.0010449226   10.159488 -0.0064622243 -0.0080099874  10.159493 0.16812277 73
0.0004  -0.035204359 -0.0010487142 -0.00016961026   10.167305 -0.0014997662 -0.0045989447  10.167306 0.17290796 74
0.0004  -0.03517095 -0.0010108284 -0.00021564571   10.175709 -0.0041513657 -0.0034148184  10.175711 0.17375163 75
0.0004  -0.035137537 5.6848386e-06 0.0010690792   10.184136 -0.00047703814 -0.0017567044  10.184136 0.17444126 76
0.0004  -0.035104144 -0.00059663323 0.00045111348   10.192448 -0.0033685366 -0.001886766  10.192449 0.17591779 77
0.0004  -0.03507065 0.00084499891 -0.0016104046   10.201334 0.00065272319 -0.0075895493  10.201337 0.17346625 78
0.0004  -0.035037334 8.1639945e-05 0.00047672501   10.209212 0.00039157412 -0.0030031893  10.209213 0.17789832 79
0.0004  -0.035003893 -0.00077233276 -0.0007974073   10.217794 -0.0018617302 -0.0079868572  10.217797 0.17748431 80
0.0004  -0.034970502 0.00020292518 -0.00076973448   10.226097 0.001533352 -0.0057451267  10.226098 0.17901223 81
0.0004  -0.034937105 -0.0003079517 -0.00034659574   10.234429 -0.0012664539 -0.0065099684  10.234431 0.18033805 82
0.0004  -0.034903603 -0.0014746331 0.0010068812   10.243363 -0.0042287198 -0.0016054018  10.243364 0.17752169 83
0.0004  -0.03487011 -0.0013389972 -0.0020146353   10.252246 -0.0034407241 -0.0097751436  10.252251 0.17516164 84
0.0004  -0.034836883 -0.00014398264 0.00020839447   10.259613 0.00018059197 -0.0032120525  10.259613 0.18298636 85
0.0004  -0.034803444 -8.3763603e-05 -0.001006781   10.268185 0.00054741357 -0.0080648588  10.268188 0.18260206 86
0.0004  -0.034770028 -0.00021136757 0.0010926017   10.276626 -0.00026171219 -0.00031782194  10.276626 0.18315319 87
0.0004  -0.034736546 0.00093473986 -0.00163395   10.285449 0.0016492464 -0.0086651643  10.285452 0.18110979 88
0.0004  -0.034703247 0.00029300932 -0.00022667085   10.293222 0.00017136113 -0.0055472979  10.293224 0.18623354 89
0.0004  -0.034669838 -0.00041469974 -4.0201817e-05   10.301625 -0.0024198979 -0.0037211305  10.301626 0.18703231 90
0.0004  -0.03463619 -0.0015296475 -0.0022785465   10.311388 -0.004248789 -0.010168416  10.311394 0.17869081 91
0.0004  -0.034602971 0.00068040433 0.0011335861   10.318708 0.0028790384 -0.00069746164  10.318708 0.18668307 92
0.0004  -0.034569579 -0.0010973647 -0.00031121518   10.327018 -0.0025469853 -0.0046152151  10.327019 0.18811159 93
0.0004  -0.034536138 -0.0015219188 -3.4402713e-05   10.335603 -0.0037156409 -0.0056572903  10.335605 0.18764317 94
0.0004  -0.03450265 0.00095545217 -0.0019539456   10.344456 0.0034543059 -0.01074048  10.344462 0.18540214 95
0.0004  -0.034469221 -0.0020850256 0.00099994294   10.352968 -0.0066402607 -0.00066993161  10.35297 0.18545901 96
0.0004  -0.034435983 -0.0004383824 -0.00042211076   10.360401 -0.0011465808 -0.0051896017  10.360402 0.19281778 97
0.0004  -0.034402517 -0.0014446016 -0.00016371414   10.369125 -0.0050010479 -0.004758069  10.369127 0.19135024 98
0.0004  -0.034369074 -0.0016965548 0.00056089303   10.377723 -0.0063912593 -0.0025805823  10.377726 0.19079026 99
0.0005  -0.036723419 -0.0017680798 -0.00091991109   9.5326157 -0.0035467744 -0.0076418059  9.5326194 0.13935875 0
0.0005  -0.036689216 0.00078062644 0.0011578568   9.540742 0.0010195772 -0.0022925809  9.5407423 0.14171191 1
0.0005  -0.036654984 0.00058595519 -0.00069721659   9.5490008 0.0013919898 -0.0041981176  9.5490018 0.14332515 2
0.0005  -0.036620625 -0.0019000988 -0.00016107951   9.5578584 -0.0068717396 -0.0055722379  9.5578625 0.1414777 3
0.0005  -0.036586458 -0.00070899195 0.00025205288   9.5658145 -0.0017242149 -0.0030642479  9.5658151 0.14482712 4
0.0005  -0.036552145 -0.00014990792 0.0013814272   9.5744513 -0.0012923589 -0.0035684306  9.5744521 0.14423036 5
0.0005  -0.036517909 -0.00098099702 -0.00023114456   9.5827335 -0.00047276583 -0.0040955047  9.5827344 0.14569498 6
0.0005  -0.036483535 -0.0012891586 -0.0016048778   9.5916628 -0.0031239514 -0.010173463  9.5916687 0.14343495 7
0.0005  -0.036449247 -0.00174947 0.0013352571   9.6001846 -0.0060497971 -0.0018039396  9.6001867 0.14352492 8
0.0005  -0.036415137 -0.00042053486 1.3010843e-06   9.6078682 -0.0009966042 -0.0061506726  9.6078703 0.14842055 9
0.0005  -0.036380728 -0.00060985725 -0.0020122733   9.6169654 -7.4603946e-05 -0.0099802643  9.6169706 0.14516337 10
0.0005  -0.036346592 0.00058153225 0.00048566484   9.624769 0.0022104545 -0.0027512233  9.6247697 0.14936181 11
0.0005  -0.036312291 -0.00080889231 0.00098682436   9.633357 -0.00073817783 -0.0029607522  9.6333575 0.14902552 12
0.0005  -0.036278005 0.00086665244 0.001214361   9.6418718 0.0022349453 -0.00058913142  9.641872 0.14912223 13
0.0005  -0.036243814 -0.00026761885 9.1977341e-05   9.6499384 0.0012224737 -0.0046967617  9.6499396 0.15184305 14
0.0005  -0.036209474 0.00098362875 0.0011195312   9.6587038 0.0035161227 -0.0026417273  9.6587048 0.15045133 15
0.0005  -0.036175285 -7.0269933e-05 -0.00022307187   9.6667604 -6.832976e-05 -0.0051265313  9.6667618 0.15322631 16
0.0005  -0.036140946 -0.00068058887 0.0013103486   9.6755255 -0.0019268326 -0.0034535179  9.6755263 0.15182958 17
0.0005  -0.036106727 0.00083396162 -0.00046346896   9.683724 0.0026311803 -0.005795569  9.6837261 0.1537476 18
0.0005  -0.036072316 0.00094721587 -0.0020255544   9.692825 0.0032111815 -0.0098315446  9.6928305 0.15047446 19
0.0005  -0.036038183 -0.00088111485 -0.00075804627   9.7006173 -0.0033021969 -0.0070500441  9.7006205 0.1546858 20
0.0005  -0.036003931 0.00015533138 -0.00099939042   9.7089695 0.00047288404 -0.00672784  9.7089718 0.15570633 21
0.0005  -0.035969687 8.1824016e-06 -0.0007155691   9.7172886 0.00099560691 -0.0072563411  9.7172914 0.15692271 22
0.0005  -0.035935373 0.001213045 -0.00064695082   9.7259315 0.0028502965 -0.0059988015  9.7259337 0.15622842 23
0.0005  -0.035901177 -0.00012644061 -0.00024428612   9.7340223 -0.0014579664 -0.0048245876  9.7340236 0.15878943 24
0.0005  -0.0358669 0.00068283801 -8.4910364e-05   9.742493 0.0015282938 -0.0061341236  9.7424951 0.15908873 25
0.0005  -0.035832456 0.0016244203 0.0016432635   9.7517522 0.0047255941 -0.00094098875  9.7517534 0.15487656 26
0.0005  -0.035798327 -0.00058489562 0.0012006956   9.7595263 -0.0019716195 -0.0025720251  9.7595269 0.15915998 27
0.0005  -0.035764118 -8.5823708e-05 0.00060392559   9.7676753 0.0015952891 -0.00277625  9.7676758 0.16135843 28
0.0005  -0.035729867 6.3692635e-05 -0.00028146957   9.7760215 0.001678613 -0.005873574  9.7760234 0.16239806 29
0.0005  -0.035695525 0.0014810349 -0.0001168683   9.7847992 0.0055732767 -0.0050450278  9.7848021 0.16087544 30
0.0005  -0.035661205 0.00067737427 -0.0018124461   9.7934758 -0.00027780006 -0.0094964374  9.7934804 0.15999742 31
0.0005  -0.035627078 0.0004579962 0.00021236379   9.8012364 0.001134235 -0.0033204217  9.801237 0.16442813 32
0.0005  -0.035592815 -0.00055941398 -0.00012854601   9.8096422 -0.0013233734 -0.0054759561  9.8096438 0.16509248 33
0.0005  -0.035558517 -0.001025316 -0.0004969162   9.8182115 -0.0025679917 -0.0075178774  9.8182147 0.16478105 34
0.0005  -0.035524281 0.00041614437 0.00071195216   9.8264881 0.00064896729 -0.0022767635  9.8264884 0.16620791 35
0.0005  -0.035489948 -0.0010255432 -0.001218567   9.835224 -0.0038931624 -0.007978893  9.835228 0.16492879 36
0.0005  -0.035455719 -0.00082198069 0.0010445617   9.8434691 -0.0029552742 -0.00032861603  9.8434696 0.16651854 37
0.0005  -0.03542152 -3.7541732e-05 -0.00049696552   9.8515701 0.00050044318 -0.0066146826  9.8515723 0.16897661 38
0.0005  -0.035387227 0.0010431118 -0.0001228583   9.8601166 0.0028403775 -0.0073354655  9.8601197 0.16877886 39
0.0005  -0.035352976 -0.0009153608 -0.0002699381   9.868464 -0.0043993181 -0.0044768517  9.868466 0.16976686 40
0.0005  -0.035318596 0.0010253074 0.0016798492   9.8774194 0.0024128516 0.00033466576  9.8774197 0.16722549 41
0.0005  -0.035284458 -0.00043002185 0.0008685906   9.8852344 -0.00015261096 -0.0030388185  9.8852348 0.17128909 42
0.0005  -0.035250229 0.00042730733 -0.00023201343   9.8934781 0.0015862534 -0.0061810182  9.8934801 0.17289211 43
0.0005  -0.035215841 -0.00053242042 0.0017571109   9.9024715 -0.0018378094 0.00014273567  9.9024717 0.17007855 44
0.0005  -0.035181581 -0.0014706175 -0.0011179106   9.9108592 -0.0057843343 -0.0075211061  9.9108637 0.17080645 45
0.0005  -0.035147429 -0.00012042529 -0.00094835095   9.9187415 -0.00042623636 -0.00753748  9.9187444 0.1744808 46
0.0005  -0.035113167 0.00076391554 0.00066357478   9.9271387 0.0029920315 -0.0030365315  9.9271396 0.17515187 47
0.0005  -0.035078764 -0.0010195124 0.0018497463   9.9362043 -0.003706281 0.0010953645  9.9362051 0.17195292 48
0.0005  -0.035044505 -0.0019104297 0.00091807197   9.9445868 -0.0062513559 -0.00202494  9.9445889 0.17270109 49
0.0005  -0.03501037 -0.0011207215 -0.00065005004   9.9523881 -0.0027732123 -0.0069331077  9.9523909 0.1767943 50
0.0005  -0.034976142 -0.00060799345 0.00081686712   9.9606275 -0.00062262156 -0.0021571124  9.9606278 0.17838406 51
0.0005  -0.034941899 0.0002279246 0.00084145035   9.9689388 0.0015922382 -0.0031493546  9.9689394 0.17954694 52
0.0005  -0.034907672 0.0002786144 -0.00013505323   9.9771688 0.0020075507 -0.004319117  9.9771699 0.18120489 53
0.0005  -0.034872984 0.0031291321 -0.00041285892   9.9875748 0.010848908 -0.0060764693  9.9875825 0.17038713 54
0.0005  -0.034839132 -0.00024067125 -0.00086277987   9.9940418 -0.0039152214 -0.0066603888  9.9940448 0.18199785 55
0.0005  -0.034804895 -0.00057993715 0.00028341693   10.002324 -0.0012645634 -0.0051473728  10.002325 0.18332939 56
0.0005  -0.034770631 -0.00054961829 0.0005885312   10.010733 -0.00231426 -0.001610925  10.010733 0.18388526 57
0.0005  -0.034736405 -0.00012595652 -9.1472962e-05   10.01896 -0.00078421624 -0.0042092039  10.018961 0.18554502 58
0.0005  -0.034702135 0.00025492137 0.00058493872   10.027398 -9.4959165e-05 -0.003331929  10.027399 0.18591041 59
0.0005  -0.034667852 0.00086432024 -0.00055705852   10.035893 0.0041863836 -0.0056825699  10.035895 0.18593458 60
0.0005  -0.034633506 0.00057080279 -0.0016645045   10.044691 0.0016588063 -0.010635857  10.044697 0.18420056 61
0.0005  -0.034599337 0.00092749995 -0.00064043224   10.052648 0.0058512669 -0.0061253964  10.052652 0.18739315 62
0.0005  -0.03456513 0.00047652757 0.00024574237   10.060787 -9.1780866e-05 -0.0041228251  10.060788 0.18956244 63
0.0005  -0.034530701 -0.0012974048 0.00154358   10.069971 -0.0049639222 -0.0011243322  10.069972 0.18554167 64
0.0005  -0.034496607 6.9201533e-05 0.00084122168   10.077579 0.00060234375 -0.0036526585  10.077579 0.19076963 65
0.0005  -0.034462318 0.00066890282 -0.0010349114   10.086105 0.0020857415 -0.0098031764  10.08611 0.19058639 66
0.0005  -0.034428049 -0.0011832687 -0.0006963953   10.094535 -0.0031573022 -0.0052500517  10.094536 0.1909896 67
0.0005  -0.034393635 -0.00055932633 -0.0022287355   10.103647 -0.002604945 -0.011639297  10.103654 0.18744714 68
0.0005  -0.034359457 0.0011711049 -0.0015430576   10.111649 0.0031536157 -0.011065148  10.111656 0.1903029 69
0.0005  -0.034325364 -0.00023744852 0.0006757734   10.119255 -0.0011721719 -0.0013948342  10.119255 0.19555946 70
0.0005  -0.034291054 -0.00013743289 0.0013167032   10.127878 -0.00036239585 0.0016615683  10.127879 0.19477173 71
0.0005  -0.034256801 -0.0010214766 -0.00088115333   10.136233 -0.0038123438 -0.0079081998  10.136237 0.19559373 72
0.0005  -0.03422241 -0.0018961536 -0.0010458237   10.145238 -0.0083755705 -0.010045709  10.145247 0.19263049 73
0.0005  -0.034188337 -0.0010489165 -0.00017012767   10.152746 -0.0025810128 -0.0057547307  10.152748 0.19840001 74
0.0005  -0.034154091 -0.0010112943 -0.00021604706   10.161066 -0.0052004624 -0.0046194462  10.161068 0.1994196 75
0.0005  -0.034119839 5.6374214e-06 0.0010689085   10.169416 -0.00047112928 -0.0016214438  10.169416 0.20025645 76
0.0005  -0.034085621 -0.00059700049 0.00045089875   10.177609 -0.0039964704 -0.0023929099  10.17761 0.20203999 77
0.0005  -0.034051234 0.00084510707 -0.0016112943   10.186595 0.0015381039 -0.010257939  10.1866 0.1990857 78
0.0005  -0.034017143 8.1683315e-05 0.00047640025   10.194186 0.00047860113 -0.0034759814  10.194187 0.20443734 79
0.0005  -0.033982845 -0.00077255896 -0.00079829635   10.202751 -0.0026883094 -0.0098212902  10.202756 0.20393731 80
0.0005  -0.033948629 0.00020308912 -0.00077039825   10.21093 0.00175235 -0.0075565079  10.210933 0.20578557 81
0.0005  -0.033914405 -0.00030809454 -0.00034731401   10.219151 -0.0016009723 -0.0078674331  10.219154 0.20739072 82
0.0005  -0.033880004 -0.0014751332 0.0010067244   10.228202 -0.005823683 -0.0014972931  10.228204 0.20399787 83
0.0005  -0.033845618 -0.001339411 -0.0020157668   10.237182 -0.0048799465 -0.012921514  10.237191 0.20115836 84
0.0005  -0.033811677 -0.00014397229 0.00020803538   10.244069 2.1340137e-05 -0.0039624103  10.24407 0.21060049 85
0.0005  -0.033777382 -8.3713371e-05 -0.0010076907   10.25262 0.00045431156 -0.010165405  10.252625 0.21013611 86
0.0005  -0.033743126 -0.00021140519 0.00109258   10.26099 -0.00049802725 -7.7042131e-05  10.26099 0.21080849 87
0.0005  -0.033708757 0.00093495521 -0.0016349537   10.269886 0.0026903466 -0.011466051  10.269893 0.20834611 88
0.0005  -0.033674697 0.00029304255 -0.00022728707   10.277335 0.00050387087 -0.0067855276  10.277337 0.21453692 89
0.0005  -0.033640452 -0.00041496466 -4.0625193e-05   10.285652 -0.0028936374 -0.0047479457  10.285654 0.21550595 90
0.0005  -0.033605807 -0.0015301548 -0.0022797353   10.295845 -0.0059517367 -0.013686013  10.295855 0.20545492 91
0.0005  -0.03357188 0.00068073016 0.0011335305   10.302669 0.0036623103 -0.00037350416  10.302669 0.21509327 92
0.0005  -0.033537662 -0.0010976811 -0.00031174323   10.310857 -0.0038203541 -0.0059572632  10.31086 0.21682157 93
0.0005  -0.033503363 -0.0015223761 -3.5019423e-05   10.319426 -0.0054848853 -0.0066783028  10.31943 0.2162623 94
0.0005  -0.033468986 0.00095585112 -0.0019551781   10.328363 0.0045593103 -0.013981171  10.328373 0.21356485 95
0.0005  -0.033434709 -0.0020858068 0.00099988309   10.336829 -0.0090592711 -0.00049073065  10.336833 0.21364599 96
0.0005  -0.033400749 -0.00043852238 -0.00042270314   10.343811 -0.0016696921 -0.0066742334  10.343813 0.22252784 97
0.0005  -0.033366409 -0.0014451851 -0.00016424844   10.35257 -0.006724125 -0.0059342855  10.352574 0.22076016 98
0.0005  -0.033332106 -0.001697292 0.00056061836   10.361156 -0.0084171252 -0.002891791  10.361159 0.22009292 99
0.0006  -0.035770703 -0.0017685001 -0.00092075845   9.521429 -0.0048986919 -0.0093260988  9.5214348 0.15749158 0
0.0006  -0.035735694 0.00078075777 0.001157622   9.5293916 0.0016248608 -0.0023756298  9.529392 0.1602985 1
0.0006  -0.035700643 0.00058611664 -0.00069771191   9.5375308 0.0018506231 -0.0057246172  9.5375327 0.16222162 2
0.0006  -0.035665394 -0.0019008579 -0.00016169188   9.5464669 -0.0083550448 -0.0066788628  9.5464729 0.16001778 3
0.0006  -0.035630442 -0.00070919164 0.00025170711   9.5542028 -0.0022865391 -0.0038451654  9.5542039 0.16401548 4
0.0006  -0.035595266 -0.00015004295 0.0013810747   9.5628447 -0.0014116878 -0.0034501062  9.5628455 0.16330468 5
0.0006  -0.035560206 -0.00098108251 -0.00023161216   9.571015 -0.0012603994 -0.005261932  9.5710165 0.16505162 6
0.0006  -0.035524934 -0.0012895209 -0.0016060064   9.5800465 -0.0041539524 -0.012436652  9.5800555 0.16235315 7
0.0006  -0.035489796 -0.001750143 0.0013350796   9.588535 -0.0074530674 -0.0017138581  9.5885381 0.16246482 8
0.0006  -0.035454933 -0.00042065123 6.3702677e-07   9.5959084 -0.0013409498 -0.0071305457  9.5959111 0.16830899 9
0.0006  -0.035419606 -0.00060988879 -0.0020133998   9.6051631 -0.00057090986 -0.012598953  9.6051714 0.16441763 10
0.0006  -0.035384704 0.00058177671 0.00048536023   9.6126958 0.0026931298 -0.0033289942  9.6126967 0.16943431 11
0.0006  -0.035349544 -0.00080899883 0.00098651914   9.6212725 -0.0014122396 -0.003119262  9.6212731 0.16903339 12
0.0006  -0.035314408 0.00086691112 0.0012143023   9.6297518 0.0029604118 -0.00055344115  9.6297523 0.16914914 13
0.0006  -0.035279419 -0.00026750757 9.1462394e-05   9.6376346 0.000996339 -0.0055999076  9.6376363 0.17240296 14
0.0006  -0.035244201 0.00098402082 0.001119264   9.6464473 0.0043502628 -0.0026733084  9.6464487 0.17073908 15
0.0006  -0.035209215 -7.0279683e-05 -0.00022364283   9.6543168 -0.00012848301 -0.0062983839  9.6543189 0.17405821 16
0.0006  -0.035173997 -0.00068080991 0.0013100088   9.6631289 -0.0025115497 -0.0033087492  9.6631297 0.17238917 17
0.0006  -0.035138965 0.00083425985 -0.00046411707   9.6711874 0.0033551182 -0.0071787665  9.6711906 0.17468138 18
0.0006  -0.035103636 0.00094757651 -0.0020266711   9.6804466 0.0040260155 -0.012554821  9.6804555 0.17076903 19
0.0006  -0.035068738 -0.0008814826 -0.0007588326   9.6879641 -0.0040761774 -0.0086967903  9.6879689 0.17580471 20
0.0006  -0.035033655 0.00015538533 -0.0010001551   9.6962266 0.0006103314 -0.0085930141  9.6962304 0.17702715 21
0.0006  -0.034998583 8.2823173e-06 -0.0007163747   9.7044451 0.0010029451 -0.0088750974  9.7044492 0.17848476 22
0.0006  -0.034963405 0.0012133826 -0.00064762778   9.7130944 0.0039347089 -0.0075580354  9.7130981 0.17765426 23
0.0006  -0.034928408 -0.00012659194 -0.0002448283   9.721009 -0.0015720762 -0.0060258239  9.721011 0.1807237 24
0.0006  -0.034893287 0.00068302092 -8.557656e-05   9.7294291 0.0021489057 -0.007192255  9.729432 0.18108253 25
0.0006  -0.034857906 0.0016249636 0.001643192   9.7388977 0.0061849516 -0.00044564771  9.7388997 0.17604692 26
0.0006  -0.034823013 -0.00058511881 0.0012004428   9.7463912 -0.002508397 -0.0024511018  9.7463918 0.18117129 27
0.0006  -0.034787997 -8.5668032e-05 0.00060362606   9.7543832 0.0015158386 -0.0031974485  9.7543838 0.1838062 28
0.0006  -0.034752917 6.3863375e-05 -0.00028211868   9.7626375 0.0017380436 -0.0071168155  9.7626403 0.18505288 29
0.0006  -0.034717694 0.0014816593 -0.00011742714   9.7714659 0.0069568698 -0.0061351096  9.7714703 0.18322789 30
0.0006  -0.034682505 0.00067737717 -0.0018135269   9.7801595 0.00035491776 -0.01217057  9.780167 0.18217817 31
0.0006  -0.034647617 0.00045813073 0.0002119925   9.7876346 0.0015697905 -0.004099333  9.7876356 0.18749077 32
0.0006  -0.034612516 -0.00055957227 -0.00012914861   9.795968 -0.0018588833 -0.0065799457  9.7959704 0.18828825 33
0.0006  -0.034577362 -0.0010256206 -0.0004977402   9.8045188 -0.0035540021 -0.0089767365  9.8045236 0.18791476 34
0.0006  -0.034542304 0.00041622882 0.0007117089   9.8126802 0.0010523885 -0.0025674293  9.8126806 0.1896296 35
0.0006  -0.034507096 -0.0010259807 -0.0012194712   9.8214526 -0.0048876404 -0.010141397  9.821459 0.18809492 36
0.0006  -0.034472048 -0.00082231523 0.0010445294   9.8295718 -0.0037599192 -0.00028697201  9.8295725 0.19000527 37
0.0006  -0.034437048 -3.7493485e-05 -0.00049769985   9.8374997 0.0004633547 -0.0080870045  9.837503 0.1929553 38
0.0006  -0.034401901 0.0010434461 -0.00012364681   9.8460199 0.0038770294 -0.0084386034  9.8460243 0.19271936 39
0.0006  -0.03436682 -0.00091584513 -0.00027044792   9.8542753 -0.0053154992 -0.0057278777  9.8542784 0.19390642 40
0.0006  -0.034331539 0.0010255981 0.0016799147   9.8633384 0.003433531 0.001026065  9.863339 0.1908658 41
0.0006  -0.034296633 -0.00043005824 0.00086828035   9.8708862 -0.00058847466 -0.0031392852  9.8708867 0.19573981 42
0.0006  -0.034261585 0.0004274871 -0.00023269206   9.8790038 0.0020226769 -0.0073989439  9.8790067 0.19766538 43
0.0006  -0.034226292 -0.00053263045 0.0017571627   9.8881171 -0.0023793376 0.0009489117  9.8881174 0.19429494 44
0.0006  -0.034191198 -0.0014712689 -0.0011187672   9.8964261 -0.0072894535 -0.0096460908  9.8964335 0.19516649 45
0.0006  -0.034156269 -0.00012047399 -0.00094920155   9.9040634 -0.0005515145 -0.0095049541  9.904068 0.19957795 46
0.0006  -0.034121171 0.0007642535 0.00066325574   9.9123844 0.0037916182 -0.0033229579  9.9123857 0.20038858 47
0.0006  -0.034085854 -0.0010199343 0.0018498999   9.9215929 -0.0047648245 0.0020349429  9.9215942 0.19655765 48
0.0006  -0.034050761 -0.0019111516 0.00091786693   9.9298944 -0.0082472689 -0.0020467419  9.929898 0.19745753 49
0.0006  -0.034015859 -0.0011210566 -0.00065082593   9.9374247 -0.0039661992 -0.008606049  9.9374292 0.20236783 50
0.0006  -0.033980813 -0.00060808735 0.00081664487   9.9455361 -0.0012754603 -0.0022608426  9.9455364 0.20428253 51
0.0006  -0.033945744 0.00022809577 0.00084113048   9.953743 0.0018388331 -0.0032201642  9.9537436 0.20568288 52
0.0006  -0.033910701 0.00027882986 -0.00013554131   9.961842 0.0023110505 -0.0054471044  9.9618438 0.20767792 53
0.0006  -0.033874944 0.0031303764 -0.00041353664   9.9728269 0.01413715 -0.0074912557  9.9728397 0.19471509 54
0.0006  -0.03384048 -0.00024107564 -0.00086354105   9.9785883 -0.0041807694 -0.0085926141  9.9785929 0.20863477 55
0.0006  -0.03380542 -0.00058009482 0.0002828684   9.9867558 -0.0019086719 -0.0058136092  9.9867577 0.21024116 56
0.0006  -0.033770318 -0.00054987947 0.00058835293   9.9950921 -0.0029284058 -0.0019342173  9.9950927 0.21091239 57
0.0006  -0.033735276 -0.0001260418 -9.1947904e-05   10.003188 -0.00092582055 -0.0052929358  10.003189 0.2129122 58
0.0006  -0.033700165 0.00025492585 0.00058458857   10.011562 0.00019365037 -0.0036505561  10.011563 0.21335517 59
0.0006  -0.033665035 0.00086478653 -0.00055770652   10.020013 0.0051696845 -0.0072971714  10.020017 0.21338519 60
0.0006  -0.033629806 0.00057100007 -0.0016657087   10.028864 0.0023065711 -0.013505812  10.028873 0.21130648 61
0.0006  -0.033594853 0.00092813682 -0.00064112955   10.036602 0.006919231 -0.0078436265  10.036607 0.21514639 62
0.0006  -0.03355984 0.00047654521 0.00024529488   10.044579 0.0004618357 -0.0048182573  10.04458 0.2177624 63
0.0006  -0.033524484 -0.0012979736 0.0015435046   10.053941 -0.0064577311 -0.00032818326  10.053943 0.21294096 64
0.0006  -0.033489645 6.9265711e-05 0.0008408553   10.061216 0.00068373876 -0.0036445617  10.061217 0.2192234 65
0.0006  -0.033454505 0.00066914963 -0.0010359999   10.069707 0.0028748788 -0.012005197  10.069715 0.21900373 66
0.0006  -0.033419396 -0.0011836524 -0.00069700935   10.07807 -0.004559881 -0.0070564112  10.078074 0.2194958 67
0.0006  -0.033384064 -0.00055961865 -0.0022300753   10.087337 -0.0032615505 -0.01523642  10.087349 0.21525101 68
0.0006  -0.033349096 0.0011714878 -0.0015443022   10.095134 0.0045471767 -0.013882424  10.095144 0.21868378 69
0.0006  -0.033314257 -0.00023757971 0.00067562464   10.102406 -0.0014606269 -0.0015548794  10.102406 0.22500831 70
0.0006  -0.033279085 -0.00013747723 0.0013168979   10.111026 -0.00052957741 0.0022824853  10.111026 0.2240671 71
0.0006  -0.033244001 -0.0010219184 -0.00088204545   10.119289 -0.005062488 -0.0099675852  10.119295 0.22505844 72
0.0006  -0.033208704 -0.0018971029 -0.0010469389   10.128412 -0.010678979 -0.012297179  10.128425 0.22150961 73
0.0006  -0.033173898 -0.0010492378 -0.00017076243   10.135557 -0.0038849489 -0.0069472491  10.13556 0.22844653 74
0.0006  -0.033138825 -0.0010118757 -0.00021657115   10.143774 -0.0064660952 -0.0058707413  10.143778 0.22967813 75
0.0006  -0.033103743 5.5906513e-06 0.0010687625   10.152031 -0.00046406395 -0.0012567881  10.152031 0.23069413 76
0.0006  -0.033068712 -0.00059743687 0.00045063815   10.16008 -0.0047546763 -0.0028012978  10.160082 0.2328445 77
0.0006  -0.033033421 0.00084531256 -0.0016124677   10.169177 0.0026043665 -0.013272055  10.169186 0.2293008 78
0.0006  -0.032998587 8.1736269e-05 0.00047603331   10.176433 0.00058374933 -0.0038438301  10.176433 0.23574336 79
0.0006  -0.032963434 -0.0007728761 -0.00079937745   10.184973 -0.0036853272 -0.011832679  10.184981 0.2351448 80
0.0006  -0.032928408 0.00020327717 -0.00077125154   10.193005 0.0020168411 -0.0095405767  10.19301 0.23737592 81
0.0006  -0.032893368 -0.00030827421 -0.00034817187   10.201091 -0.0020051902 -0.0093042041  10.201095 0.23931584 82
0.0006  -0.032858055 -0.0014758087 0.0010065892   10.210271 -0.0077451057 -0.0011670469  10.210274 0.23525014 83
0.0006  -0.032822766 -0.001339983 -0.0020172343   10.219357 -0.0066121591 -0.016509492  10.219372 0.23185296 84
0.0006  -0.032788163 -0.00014397948 0.00020760357   10.225686 -0.00017111738 -0.0046652742  10.225688 0.2432024 85
0.0006  -0.032753015 -8.3673379e-05 -0.0010088218   10.234209 0.00034207643 -0.012498192  10.234217 0.24264708 86
0.0006  -0.032717926 -0.0002114688 0.0010925947   10.242491 -0.00078306072 0.00041518986  10.242491 0.2434689 87
0.0006  -0.032682664 0.00093528502 -0.0016362556   10.251466 0.0039441103 -0.014639659  10.251477 0.24051999 88
0.0006  -0.032647877 0.0002931124 -0.00022802977   10.258537 0.00090570333 -0.0080783338  10.25854 0.24796987 89
0.0006  -0.032612805 -0.00041528177 -4.1151748e-05   10.26675 -0.003466378 -0.0057850234  10.266752 0.24914441 90
0.0006  -0.032577117 -0.0015308493 -0.0022813009   10.277426 -0.0080005668 -0.017719529  10.277444 0.23709954 91
0.0006  -0.032542536 0.00068114217 0.0011335203   10.283678 0.0046068 0.00021807915  10.283679 0.24866941 92
0.0006  -0.032507506 -0.0010981375 -0.00031240914   10.291722 -0.0053561623 -0.0073744754  10.291727 0.25075421 93
0.0006  -0.032472352 -0.0015230279 -3.5738679e-05   10.300265 -0.0076167697 -0.0077085044  10.300271 0.25009588 94
0.0006  -0.032437076 0.00095637154 -0.0019567572   10.30929 0.0058893241 -0.017682715  10.309307 0.24687303 95
0.0006  -0.032401955 -0.0020868539 0.00099985263   10.317698 -0.011970117 -7.6380811e-05  10.317704 0.24699311 96
0.0006  -0.032367322 -0.00043871996 -0.00042344912   10.32416 -0.002301536 -0.0082643499  10.324163 0.25765684 97
0.0006  -0.032332105 -0.0014459582 -0.00016490235   10.332952 -0.0088005018 -0.0071513424  10.332958 0.2555457 98
0.0006  -0.032296945 -0.001698252 0.0005603192   10.341515 -0.010856534 -0.0030671597  10.341522 0.25476247 99
